pdb,antibody,method,constrained,site,wt,om,mutated,wt_tot,om_tot,d_tot,wt_int,om_int,d_int
6ZER,2,rpk,cons,333,T,T,0,0.9979457104403592,0.9829217442177711,-0.015023966222588059,0.0,0.0,0.0
6ZER,2,rpk,cons,334,N,N,0,-2.1957830091008406,-2.1979985182685806,-0.0022155091677400485,0.0,0.0,0.0
6ZER,2,rpk,cons,335,L,L,0,-1.3238200195038827,-1.3516911052212697,-0.027871085717386945,0.0,0.0,0.0
6ZER,2,rpk,cons,336,C,C,0,-2.4716774228876983,-2.459820596579794,0.011856826307904189,0.0,0.0,0.0
6ZER,2,rpk,cons,337,P,P,0,-2.765140727402965,-3.2357186773176014,-0.4705779499146363,0.0,0.0,0.0
6ZER,2,rpk,cons,338,F,F,0,-4.936315756021609,-4.925506542513582,0.010809213508027327,0.0,0.0,0.0
6ZER,2,rpk,cons,339,G,D,1,0.23559091826585865,-1.7522069079634166,-1.9877978262292753,0.0,0.0,0.0
6ZER,2,rpk,cons,340,E,E,0,0.17902282307110462,-1.7852519825879054,-1.96427480565901,0.0,0.0,0.0
6ZER,2,rpk,cons,341,V,V,0,-2.036565467922258,-2.3216776515690114,-0.2851121836467536,0.0,0.0,0.0
6ZER,2,rpk,cons,342,F,F,0,-5.011425275516327,-5.1163617017358325,-0.10493642621950539,0.0,0.0,0.0
6ZER,2,rpk,cons,343,N,N,0,-1.631512228693613,-1.4697881555151706,0.1617240731784424,0.0,0.0,0.0
6ZER,2,rpk,cons,344,A,A,0,-1.5329112206117084,-1.4821923391254526,0.05071888148625581,0.0,0.0,0.0
6ZER,2,rpk,cons,345,T,T,0,0.4143372960440094,0.3807627124998826,-0.03357458354412679,0.0,0.0,0.0
6ZER,2,rpk,cons,346,R,R,0,0.21695011535868713,0.24041782767192094,0.0234677123132338,0.0,0.0,0.0
6ZER,2,rpk,cons,347,F,F,0,-1.0756744542266277,-1.048002808456585,0.027671645770042552,0.0,0.0,0.0
6ZER,2,rpk,cons,348,A,A,0,-1.0456226364211056,-1.0268362144003982,0.01878642202070746,0.0,0.0,0.0
6ZER,2,rpk,cons,349,S,S,0,-2.6445199218890405,-2.637070507477292,0.00744941441174829,0.0,0.0,0.0
6ZER,2,rpk,cons,350,V,V,0,-1.5533369051446777,-1.580990203635843,-0.027653298491165268,0.0,0.0,0.0
6ZER,2,rpk,cons,351,Y,Y,0,-2.1997850354114243,-2.16454259336792,0.03524244204350424,0.0,0.0,0.0
6ZER,2,rpk,cons,352,A,A,0,-1.219561999480006,-1.184419047730892,0.03514295174911397,0.0,0.0,0.0
6ZER,2,rpk,cons,353,W,W,0,-2.0366904838842452,-2.117801161688193,-0.08111067780394787,0.0,0.0,0.0
6ZER,2,rpk,cons,354,N,N,0,-0.4627616281164091,-0.4392215477470849,0.0235400803693242,0.0,0.0,0.0
6ZER,2,rpk,cons,355,R,R,0,-1.447188318587157,-1.5656357647364854,-0.11844744614932834,0.0,0.0,0.0
6ZER,2,rpk,cons,356,K,K,0,-2.5887971961038363,-2.322462128850537,0.26633506725329914,0.0,0.0,0.0
6ZER,2,rpk,cons,357,R,R,0,-1.4030145376608962,-1.3491241581370894,0.05389037952380682,0.0,0.0,0.0
6ZER,2,rpk,cons,358,I,I,0,-6.309193150498577,-6.150255888685869,0.1589372618127074,0.0,0.0,0.0
6ZER,2,rpk,cons,359,S,S,0,-2.413962821835953,-2.437665797000027,-0.023702975164074047,0.0,0.0,0.0
6ZER,2,rpk,cons,360,N,N,0,-0.828378922335736,-0.840944409383084,-0.012565487047348056,0.0,0.0,0.0
6ZER,2,rpk,cons,361,C,C,0,-2.302946162581109,-2.3164493427255555,-0.013503180144446514,0.0,0.0,0.0
6ZER,2,rpk,cons,362,V,V,0,-3.8849681610788065,-3.8882237111363542,-0.0032555500575477403,0.0,0.0,0.0
6ZER,2,rpk,cons,363,A,A,0,-2.427992631651724,-2.4512343828900884,-0.023241751238364472,0.0,0.0,0.0
6ZER,2,rpk,cons,364,D,D,0,-3.9366489130601323,-3.861090650207558,0.07555826285257439,0.0,0.0,0.0
6ZER,2,rpk,cons,365,Y,Y,0,-5.771122856856923,-5.817152606741113,-0.046029749884189286,-3.3420236319739102e-06,-3.7264659328841918e-06,-3.8444230091028153e-07
6ZER,2,rpk,cons,366,S,S,0,-4.822438790118917,-4.251461621895854,0.5709771682230631,-0.0018664692981197619,-0.0015688404356055752,0.0002976288625141867
6ZER,2,rpk,cons,367,V,V,0,0.16132792142813124,1.1102473420973251,0.9489194206691939,0.0,0.0,0.0
6ZER,2,rpk,cons,368,L,L,0,-4.081078603938723,-4.101483619008913,-0.02040501507018977,-0.029142563244124495,-0.03127717205023736,-0.002134608806112867
6ZER,2,rpk,cons,369,Y,Y,0,0.27276960641403836,0.044386338082679125,-0.22838326833135925,-1.8510783370035724,-1.8155678755184608,0.03551046148511161
6ZER,2,rpk,cons,370,N,N,0,-2.0150796413393848,-1.7601605609097586,0.2549190804296262,0.02387485143589372,0.0826014030547158,0.058726551618822086
6ZER,2,rpk,cons,371,S,L,1,-0.027615004224698203,1.5286199723237563,1.5562349765484544,0.0,0.0,0.0
6ZER,2,rpk,cons,372,A,A,0,1.765490711947339,4.221534271892619,2.4560435599452797,0.0,-0.0011500263198938375,-0.0011500263198938375
6ZER,2,rpk,cons,373,S,P,1,-0.5839741416967861,0.7843445008419379,1.368318642538724,0.0,0.0,0.0
6ZER,2,rpk,cons,374,F,F,0,-2.0431220253617797,-0.33187884693521047,1.7112431784265691,-0.22304856840304355,-0.2289263668173636,-0.005877798414320068
6ZER,2,rpk,cons,375,S,F,1,-0.745356627197599,0.7962363784693699,1.5415930056669689,-1.452621433183793,-1.5724936485649736,-0.11987221538118065
6ZER,2,rpk,cons,376,T,T,0,-2.0555506939102792,-2.1971868812848605,-0.14163618737458128,0.4294697280350379,0.5695830812538947,0.14011335321885676
6ZER,2,rpk,cons,377,F,F,0,-0.9789533396026419,-1.1441864940579547,-0.16523315445531284,-2.9809748100689992,-2.905885643078186,0.07508916699081336
6ZER,2,rpk,cons,378,K,K,0,-4.81435127088273,-4.921033763173978,-0.10668249229124793,-5.849998025079497,-5.85981105234203,-0.00981302726253297
6ZER,2,rpk,cons,379,C,C,0,-2.353317315837856,-2.3316069006771185,0.021710415160737462,-3.561292221334163,-3.550542913498291,0.010749307835872024
6ZER,2,rpk,cons,380,Y,Y,0,-5.0815429415879185,-5.1039256678881095,-0.022382726300191003,-4.693336475209583,-4.68094034315641,0.01239613205317358
6ZER,2,rpk,cons,381,G,G,0,-4.36815683155466,-4.3709622642845165,-0.0028054327298567827,-4.486864643704058,-4.490481038567029,-0.0036163948629708287
6ZER,2,rpk,cons,382,V,V,0,-2.7750973515312576,-2.752598226003472,0.022499125527785768,-3.3399859012681508,-3.3174915798827582,0.022494321385392535
6ZER,2,rpk,cons,383,S,S,0,-2.43923844332347,-2.4128893161909226,0.026349127132547334,-2.7915588506011337,-2.7938158876578,-0.0022570370566663556
6ZER,2,rpk,cons,384,P,P,0,-6.288693688821414,-6.348908919976839,-0.06021523115542493,-2.6346241173736553,-2.6426386628202883,-0.008014545446632937
6ZER,2,rpk,cons,385,T,T,0,-1.4837570451395208,-1.4670517983667855,0.016705246772735327,-7.163503258819078,-7.153783099887754,0.00972015893132383
6ZER,2,rpk,cons,386,K,K,0,-2.7167879427777564,-2.7480202014663972,-0.03123225868864088,-3.9755423335194937,-3.9978886763236803,-0.02234634280418657
6ZER,2,rpk,cons,387,L,L,0,-3.4032256576108177,-3.3715359629187733,0.03168969469204441,-2.110977928340555e-05,-1.8582567898062078e-05,2.527211385343472e-06
6ZER,2,rpk,cons,388,N,N,0,0.3464339800096049,0.3212063468761025,-0.025227633133502403,-0.23596955175891043,-0.23348260100532892,0.0024869507535815183
6ZER,2,rpk,cons,389,D,D,0,-1.4075690125916613,-1.4085062199274088,-0.0009372073357474253,-0.38257832667623076,-0.3867923465770665,-0.004214019900835753
6ZER,2,rpk,cons,390,L,L,0,-4.372751858300912,-4.322954753102537,0.04979710519837521,-3.815149157445098,-3.8043468954686106,0.010802261976487593
6ZER,2,rpk,cons,391,C,C,0,0.5149830930578231,0.49779381213575846,-0.01718928092206462,-0.1029027964101882,-0.10306123753961699,-0.0001584411294287963
6ZER,2,rpk,cons,392,F,F,0,-8.250563520258817,-8.240785917932087,0.009777602326730417,-0.7925415584278367,-0.7865065170376849,0.006035041390151763
6ZER,2,rpk,cons,393,T,T,0,-2.9801588430047903,-2.9597801738596816,0.020378669145108663,0.0,0.0,0.0
6ZER,2,rpk,cons,394,N,N,0,-3.32324915912409,-3.2762085851089884,0.047040574015101644,0.0,0.0,0.0
6ZER,2,rpk,cons,395,V,V,0,-5.539128968141475,-5.463473932226264,0.0756550359152115,0.0,0.0,0.0
6ZER,2,rpk,cons,396,Y,Y,0,-4.91891356649042,-4.8900896449098905,0.028823921580529266,0.0,0.0,0.0
6ZER,2,rpk,cons,397,A,A,0,-2.5609999326701756,-2.557084003014231,0.003915929655944339,0.0,0.0,0.0
6ZER,2,rpk,cons,398,D,D,0,-7.819227881130761,-7.862841033297888,-0.04361315216712747,0.0,0.0,0.0
6ZER,2,rpk,cons,399,S,S,0,-3.9267021321410067,-3.9902400718781,-0.06353793973709321,0.0,0.0,0.0
6ZER,2,rpk,cons,400,F,F,0,-7.96733710996991,-7.9181681628428535,0.04916894712705666,0.0,0.0,0.0
6ZER,2,rpk,cons,401,V,V,0,-4.343032274338003,-4.275286127252412,0.06774614708559135,0.0,0.0,0.0
6ZER,2,rpk,cons,402,I,I,0,-5.289336333621934,-5.361145470248046,-0.07180913662611221,0.0,0.0,0.0
6ZER,2,rpk,cons,403,R,R,0,-3.959329081755178,-3.9058576070552276,0.053471474699950505,0.0,0.0,0.0
6ZER,2,rpk,cons,404,G,G,0,-0.0953389964182837,-0.10344719301398608,-0.008108196595702388,0.0,0.0,0.0
6ZER,2,rpk,cons,405,D,D,0,-2.212358750123697,-2.2007402027958634,0.011618547327833628,0.0,0.0,0.0
6ZER,2,rpk,cons,406,E,E,0,-7.411884414714375,-7.424240784359744,-0.012356369645369014,0.0,0.0,0.0
6ZER,2,rpk,cons,407,V,V,0,-2.4907151041587934,-2.549100603248185,-0.0583854990893915,0.0,0.0,0.0
6ZER,2,rpk,cons,408,R,R,0,1.6282220425699245,1.6254657295121575,-0.0027563130577670236,0.0008147544117547362,0.0009271728662083969,0.00011241845445366066
6ZER,2,rpk,cons,409,Q,Q,0,-6.372261866494595,-6.290462508205653,0.0817993582889418,0.0,0.0,0.0
6ZER,2,rpk,cons,410,I,I,0,-3.4233088621940544,-3.4081396663727794,0.015169195821274961,0.0,0.0,0.0
6ZER,2,rpk,cons,411,A,A,0,-1.2813166090200818,-1.2930271924882324,-0.01171058346815057,0.017505528563917183,0.017638186464010986,0.00013265790009380288
6ZER,2,rpk,cons,412,P,P,0,-6.086614050612839,-6.077322035649991,0.00929201496284815,0.059995762581289525,0.004454535493111644,-0.05554122708817788
6ZER,2,rpk,cons,413,G,G,0,-2.0338065700589856,-2.0211665801913874,0.012639989867598178,-0.2598887369550815,-0.24463751958850605,0.015251217366575476
6ZER,2,rpk,cons,414,Q,Q,0,-3.0805240784303978,-3.123736928887915,-0.04321285045751733,-0.47194442144162563,-0.45849880040311897,0.013445621038506661
6ZER,2,rpk,cons,415,T,T,0,-1.56760041907413,-1.5710658362403498,-0.003465417166219842,0.0,0.0,0.0
6ZER,2,rpk,cons,416,G,G,0,-2.7635871147924953,-2.7401679729116264,0.02341914188086891,0.0,0.0,0.0
6ZER,2,rpk,cons,417,K,N,1,-0.5185935107397411,-0.6832267048524023,-0.1646331941126612,0.0,0.0,0.0
6ZER,2,rpk,cons,418,I,I,0,-5.506465824268018,-5.009768962556168,0.49669686171184946,0.0,0.0,0.0
6ZER,2,rpk,cons,419,A,A,0,-2.6748656788087666,-2.7625155005902156,-0.08764982178144898,0.0,0.0,0.0
6ZER,2,rpk,cons,420,D,D,0,-7.516857465677915,-7.541370633228467,-0.024513167550551884,0.0,0.0,0.0
6ZER,2,rpk,cons,421,Y,Y,0,-2.0347776155785797,-1.7971538023900548,0.23762381318852488,0.0,0.0,0.0
6ZER,2,rpk,cons,422,N,N,0,-4.334849918104787,-4.108351394965528,0.22649852313925933,0.0,0.0,0.0
6ZER,2,rpk,cons,423,Y,Y,0,-5.4106552915388,-5.421000887508144,-0.010345595969343258,0.0,0.0,0.0
6ZER,2,rpk,cons,424,K,K,0,-1.85879115272698,-1.9599693149237107,-0.1011781621967307,0.0,0.0,0.0
6ZER,2,rpk,cons,425,L,L,0,-6.229330768432567,-6.250956796425928,-0.021626027993360886,0.0,0.0,0.0
6ZER,2,rpk,cons,426,P,P,0,-5.194052403456983,-5.199774239954091,-0.005721836497108335,0.1746298003501529,0.1714659097460159,-0.0031638906041370207
6ZER,2,rpk,cons,427,D,D,0,-0.8307178768533787,-0.8302494341057588,0.00046844274761992377,-0.05808045802000594,-0.05014617950525735,0.007934278514748594
6ZER,2,rpk,cons,428,D,D,0,-0.7759888120570828,-0.7787421220357937,-0.002753309978710927,-0.4308961981060685,-0.42280554548264526,0.008090652623423233
6ZER,2,rpk,cons,429,F,F,0,-5.635915900868027,-5.649148438207594,-0.013232537339566974,-2.765346395034882,-2.7426873974606356,0.02265899757424661
6ZER,2,rpk,cons,430,T,T,0,-2.484145917326311,-2.4746206402503947,0.009525277075916438,-0.06900914011927745,-0.05962429546785946,0.009384844651417985
6ZER,2,rpk,cons,431,G,G,0,-4.88002443202711,-4.898025752006418,-0.018001319979307873,0.004692867528459306,0.005440632892070354,0.0007477653636110485
6ZER,2,rpk,cons,432,C,C,0,-2.3678523017121704,-2.3915800795218507,-0.023727777809680273,-5.42398004872921e-05,-5.444939894717893e-05,-2.0959845988682835e-07
6ZER,2,rpk,cons,433,V,V,0,-6.038727562354011,-5.9566555531179795,0.08207200923603164,0.0,0.0,0.0
6ZER,2,rpk,cons,434,I,I,0,-7.7062684252162015,-7.438133471574132,0.2681349536420692,-1.2184734205226283e-05,-6.198148108814069e-07,1.1564919394344876e-05
6ZER,2,rpk,cons,435,A,A,0,-6.751789439164327,-6.811230032306963,-0.059440593142635834,0.0,0.0,0.0
6ZER,2,rpk,cons,436,W,W,0,-3.608320865532164,-3.286657185645349,0.3216636798868153,0.0,0.0,0.0
6ZER,2,rpk,cons,437,N,N,0,-2.567306114381376,-2.710479849150535,-0.1431737347691593,0.0,0.0,0.0
6ZER,2,rpk,cons,438,S,S,0,-3.8108619462868307,-3.791487620942615,0.01937432534421557,0.0,0.0,0.0
6ZER,2,rpk,cons,439,N,N,0,-1.1651516955417196,-0.979655003666696,0.1854966918750236,0.0,0.0,0.0
6ZER,2,rpk,cons,440,N,K,1,-0.00539772766314589,0.04622132186945557,0.05161904953260146,0.0,0.0,0.0
6ZER,2,rpk,cons,441,L,L,0,0.051979019529306655,-0.06315865635434909,-0.11513767588365574,0.0,0.0,0.0
6ZER,2,rpk,cons,442,D,D,0,-7.887453260520328,-7.890299636576738,-0.002846376056409916,0.0,0.0,0.0
6ZER,2,rpk,cons,443,S,S,0,-2.220616782898258,-2.2370610829234794,-0.01644430002522146,0.0,0.0,0.0
6ZER,2,rpk,cons,444,K,K,0,-1.1824383803451997,-1.226692584469583,-0.04425420412438341,0.0,0.0,0.0
6ZER,2,rpk,cons,445,V,V,0,1.3598010808963272,1.0680353400179914,-0.29176574087833584,0.0,0.0,0.0
6ZER,2,rpk,cons,446,G,S,1,0.8075334324877296,-1.153551139502545,-1.9610845719902747,0.0,0.0,0.0
6ZER,2,rpk,cons,447,G,G,0,-2.615487275273807,-2.3146428316041585,0.3008444436696487,0.0,0.0,0.0
6ZER,2,rpk,cons,448,N,N,0,-3.224549360551463,-3.2736211364385266,-0.04907177588706357,0.0,0.0,0.0
6ZER,2,rpk,cons,449,Y,Y,0,-0.08922417606530564,-0.5303488484959877,-0.4411246724306821,0.0,0.0,0.0
6ZER,2,rpk,cons,450,N,N,0,-0.8699693376604299,-0.7218608774584617,0.14810846020196822,0.0,0.0,0.0
6ZER,2,rpk,cons,451,Y,Y,0,-5.056222610404594,-5.085524340051436,-0.029301729646841856,0.0,0.0,0.0
6ZER,2,rpk,cons,452,L,L,0,-4.747221217099757,-4.683773721761555,0.06344749533820249,0.0,0.0,0.0
6ZER,2,rpk,cons,453,Y,Y,0,-6.399316095821602,-6.4377306925185485,-0.03841459669694647,0.0,0.0,0.0
6ZER,2,rpk,cons,454,R,R,0,-5.089823821888358,-5.24174219983866,-0.1519183779503015,0.0,0.0,0.0
6ZER,2,rpk,cons,455,L,L,0,-2.364971318246542,-1.749010226991555,0.6159610912549871,0.0,0.0,0.0
6ZER,2,rpk,cons,456,F,F,0,-4.195601202872841,-4.41686491629073,-0.22126371341788875,0.0,0.0,0.0
6ZER,2,rpk,cons,457,R,R,0,-0.8706531837361604,-0.9684649944042233,-0.09781181066806288,0.0,0.0,0.0
6ZER,2,rpk,cons,458,K,K,0,-0.9311796592177694,-0.9127668790403625,0.018412780177406884,0.0,0.0,0.0
6ZER,2,rpk,cons,459,S,S,0,-1.6619250095882572,-1.5833587182698534,0.07856629131840376,0.0,0.0,0.0
6ZER,2,rpk,cons,460,N,N,0,-1.3360772340526055,-1.2303146485693963,0.10576258548320916,0.0,0.0,0.0
6ZER,2,rpk,cons,461,L,L,0,-4.015067512367036,-3.9243407449567536,0.09072676741028252,0.0,0.0,0.0
6ZER,2,rpk,cons,462,K,K,0,-2.6069163008327614,-2.583268937180203,0.023647363652558262,0.0,0.0,0.0
6ZER,2,rpk,cons,463,P,P,0,-4.888666073352963,-4.881026620842529,0.00763945251043463,0.0,0.0,0.0
6ZER,2,rpk,cons,464,F,F,0,-1.433867565828055,-1.4559754431610856,-0.022107877333030546,0.0,0.0,0.0
6ZER,2,rpk,cons,465,E,E,0,-4.518708678403297,-4.531783427091292,-0.013074748687994742,0.0,0.0,0.0
6ZER,2,rpk,cons,466,R,R,0,-1.6086472361884372,-1.6104963619123,-0.0018491257238628656,0.0,0.0,0.0
6ZER,2,rpk,cons,467,D,D,0,-4.291430373591356,-4.317253954285947,-0.02582358069459101,0.0,0.0,0.0
6ZER,2,rpk,cons,468,I,I,0,0.3985969543592334,0.41696890621498006,0.018371951855746638,0.0,0.0,0.0
6ZER,2,rpk,cons,469,S,S,0,-3.5426912485643665,-3.505037019596291,0.037654228968075465,0.0,0.0,0.0
6ZER,2,rpk,cons,470,T,T,0,-1.0217196165889735,-1.0775918333168248,-0.055872216727851365,0.0,0.0,0.0
6ZER,2,rpk,cons,471,E,E,0,-1.9872067443921737,-1.9105420175255927,0.07666472686658099,0.0,0.0,0.0
6ZER,2,rpk,cons,472,I,I,0,-2.1767031360134705,-2.0386911848701783,0.13801195114329223,0.0,0.0,0.0
6ZER,2,rpk,cons,473,Y,Y,0,-5.127375540938144,-5.049630270782747,0.0777452701553969,0.0,0.0,0.0
6ZER,2,rpk,cons,474,Q,Q,0,-2.39654431912456,-2.4138927361460105,-0.017348417021450402,0.0,0.0,0.0
6ZER,2,rpk,cons,475,A,A,0,-1.3470000478019213,-1.2642242094328073,0.08277583836911395,0.0,0.0,0.0
6ZER,2,rpk,cons,476,G,G,0,-0.22248349247584187,-0.3681984110328607,-0.14571491855701885,0.0,0.0,0.0
6ZER,2,rpk,cons,477,S,N,1,-0.5161239636692007,0.15481990850658597,0.6709438721757867,0.0,0.0,0.0
6ZER,2,rpk,cons,478,T,K,1,0.6852412168090958,0.3692559379884234,-0.3159852788206724,0.0,0.0,0.0
6ZER,2,rpk,cons,479,P,P,0,-5.130023673819408,-4.819561198070619,0.31046247574878905,0.0,0.0,0.0
6ZER,2,rpk,cons,480,C,C,0,-0.3509184440455868,-0.3226145175029854,0.028303926542601388,0.0,0.0,0.0
6ZER,2,rpk,cons,481,N,N,0,0.33799240632706584,0.3391510047422934,0.0011585984152275852,0.0,0.0,0.0
6ZER,2,rpk,cons,482,G,G,0,-2.250883452675035,-2.320519380303024,-0.06963592762798898,0.0,0.0,0.0
6ZER,2,rpk,cons,483,V,V,0,-0.3472055250064433,-0.06792059925435734,0.27928492575208597,0.0,0.0,0.0
6ZER,2,rpk,cons,484,E,A,1,-2.1477620713170906,-0.4671024037942838,1.6806596675228067,0.0,0.0,0.0
6ZER,2,rpk,cons,485,G,G,0,-2.2458868665611,-2.344760512881579,-0.09887364632047912,0.0,0.0,0.0
6ZER,2,rpk,cons,486,F,F,0,3.815180015277775,3.8086043970633336,-0.006575618214441192,0.0,0.0,0.0
6ZER,2,rpk,cons,487,N,N,0,-4.192637073277668,-4.20067387381072,-0.008036800533052002,0.0,0.0,0.0
6ZER,2,rpk,cons,488,C,C,0,-1.2333757186289152,-1.48650176634663,-0.25312604771771485,0.0,0.0,0.0
6ZER,2,rpk,cons,489,Y,Y,0,-4.3956229038613905,-3.612825616739365,0.7827972871220257,0.0,0.0,0.0
6ZER,2,rpk,cons,490,F,F,0,1.796326290527759,1.3472220630628227,-0.4491042274649364,0.0,0.0,0.0
6ZER,2,rpk,cons,491,P,P,0,-6.773942777300496,-6.750791602703424,0.023151174597072277,0.0,0.0,0.0
6ZER,2,rpk,cons,492,L,L,0,-5.893777466343525,-5.544101149876552,0.34967631646697317,0.0,0.0,0.0
6ZER,2,rpk,cons,493,Q,R,1,-2.4661376812775426,-3.5672601330050946,-1.101122451727552,0.0,0.0,0.0
6ZER,2,rpk,cons,494,S,S,0,-2.276057060329581,-1.864074191361197,0.4119828689683842,0.0,0.0,0.0
6ZER,2,rpk,cons,495,Y,Y,0,-5.290640944334905,-5.010885104387856,0.27975583994704945,0.0,0.0,0.0
6ZER,2,rpk,cons,496,G,S,1,1.154656696102166,-0.4309910009090294,-1.5856476970111955,0.0,0.0,0.0
6ZER,2,rpk,cons,497,F,F,0,-3.110102772902433,-3.1495544090472367,-0.039451636144803626,0.0,0.0,0.0
6ZER,2,rpk,cons,498,Q,R,1,-0.6304687652574903,-0.35858847865855314,0.27188028659893715,0.0,0.0,0.0
6ZER,2,rpk,cons,499,P,P,0,-3.9825508920079753,-3.40519619829568,0.5773546937122953,0.0,0.0,0.0
6ZER,2,rpk,cons,500,T,T,0,0.3768033123287904,0.29132679095133646,-0.08547652137745393,0.0,0.0,0.0
6ZER,2,rpk,cons,501,N,Y,1,-1.7939790915096832,-0.08739711180313703,1.706581979706546,0.0,0.0,0.0
6ZER,2,rpk,cons,502,G,G,0,-0.36757835405354344,-0.3261880911781125,0.04139026287543096,0.0,0.0,0.0
6ZER,2,rpk,cons,503,V,V,0,1.7211325184580915,1.6713666907800857,-0.04976582767800575,0.0,0.0,0.0
6ZER,2,rpk,cons,504,G,G,0,-1.7879181269182123,-1.3387142702364843,0.449203856681728,0.0,0.0,0.0
6ZER,2,rpk,cons,505,Y,H,1,-0.11218566481567264,-1.1803297020149797,-1.068144037199307,0.0,0.0,0.0
6ZER,2,rpk,cons,506,Q,Q,0,-3.9618254751445448,-3.9802583166938383,-0.018432841549293588,0.0,0.0,0.0
6ZER,2,rpk,cons,507,P,P,0,-7.349617244216418,-7.36067110659409,-0.01105386237767192,0.0,0.0,0.0
6ZER,2,rpk,cons,508,Y,Y,0,-5.341386635045754,-5.74389258087669,-0.4025059458309359,0.0,0.0,0.0
6ZER,2,rpk,cons,509,R,R,0,-5.7703448391967616,-5.776413695764524,-0.0060688565677624595,0.0,0.0,0.0
6ZER,2,rpk,cons,510,V,V,0,-6.493846916009578,-6.5488833529416395,-0.055036436932061505,0.0,0.0,0.0
6ZER,2,rpk,cons,511,V,V,0,-7.21122116278684,-7.067926887276829,0.14329427551001128,0.0,0.0,0.0
6ZER,2,rpk,cons,512,V,V,0,-7.495748796245092,-7.498315030641787,-0.0025662343966947887,0.0,0.0,0.0
6ZER,2,rpk,cons,513,L,L,0,-6.131615095857306,-6.098120702778094,0.03349439307921198,0.0,0.0,0.0
6ZER,2,rpk,cons,514,S,S,0,-4.048461049213392,-4.05082630202026,-0.0023652528068680567,0.0,0.0,0.0
6ZER,2,rpk,cons,515,F,F,0,-4.3665649570157665,-4.396043240014315,-0.029478282998548266,0.004390325615300538,0.0043199287269220475,-7.039688837849091e-05
6ZER,2,rpk,cons,516,E,E,0,-5.983231877243817,-5.955282609869733,0.027949267374084208,0.0,0.0,0.0
6ZER,2,rpk,cons,517,L,L,0,-0.41264665240296833,-0.4166839321909135,-0.004037279787945158,-1.4583997083250588,-1.4862262765972705,-0.027826568272211638
6ZER,2,rpk,cons,518,L,L,0,-1.730078222825543,-1.7180033291590628,0.012074893666480069,0.0,0.0,0.0
6ZER,2,rpk,cons,519,H,H,0,2.033670207105328,2.0348370890216136,0.001166881916285778,0.0,0.0,0.0
6ZER,2,rpk,cons,520,A,A,0,-0.1587216903671984,-0.16165484394488622,-0.002933153577687808,0.0,0.0,0.0
6ZER,2,rpk,cons,521,P,P,0,-3.708194065658468,-3.715462968461666,-0.007268902803197808,0.0,0.0,0.0
6ZER,2,rpk,cons,522,A,A,0,-0.6241855150319539,-0.5821721116139544,0.04201340341799942,0.0,0.0,0.0
6ZER,2,rpk,cons,523,T,T,0,-3.918499680627242,-3.8724034706138175,0.046096210013424344,0.0,0.0,0.0
6ZER,2,rpk,cons,524,V,V,0,-5.704823834468888,-5.737367519569203,-0.03254368510031469,0.0,0.0,0.0
6ZER,2,rpk,cons,525,C,C,0,-0.5926642371032018,-0.5677967356480588,0.02486750145514305,0.0,0.0,0.0
6ZER,2,rpk,cons,526,G,G,0,-1.0803907437094304,-1.082641400482429,-0.002250656772998516,0.0,0.0,0.0
6ZER,2,rpk,cons,527,P,P,0,-2.725766229088195,-2.744991832281473,-0.019225603193277596,0.0,0.0,0.0
6ZER,2,rpk,cons,528,K,K,0,1.187392240283391,1.1868068538409744,-0.0005853864424165689,0.0005713427381953323,0.0005120157052224115,-5.9327032972920804e-05
6ZER,2,rpk,free,333,T,T,0,0.9916208229893608,0.970597515671797,-0.021023307317563855,0.0,0.0,0.0
6ZER,2,rpk,free,334,N,N,0,-2.1490883464158403,-2.2217185421299424,-0.07263019571410201,0.0,0.0,0.0
6ZER,2,rpk,free,335,L,L,0,-1.3059669523877269,-1.291355351458249,0.014611600929477886,0.0,0.0,0.0
6ZER,2,rpk,free,336,C,C,0,-2.4313741503674637,-2.31400936476923,0.11736478559823382,0.0,0.0,0.0
6ZER,2,rpk,free,337,P,P,0,-3.5925526799069503,-3.7526393990020748,-0.1600867190951245,0.0,0.0,0.0
6ZER,2,rpk,free,338,F,F,0,-6.346417678546319,-6.235067705660483,0.11134997288583648,0.0,0.0,0.0
6ZER,2,rpk,free,339,G,D,1,0.19411490226601688,-2.2624480344108426,-2.4565629366768595,0.0,0.0,0.0
6ZER,2,rpk,free,340,E,E,0,-1.498900005384116,-1.7119271595796426,-0.21302715419552665,0.0,0.0,0.0
6ZER,2,rpk,free,341,V,V,0,-2.9214894539236327,-2.791331413345876,0.13015804057775648,0.0,0.0,0.0
6ZER,2,rpk,free,342,F,F,0,-5.0086833918212195,-4.696513294313526,0.31217009750769353,0.0,0.0,0.0
6ZER,2,rpk,free,343,N,N,0,-1.7759808958976793,-2.3019492518471596,-0.5259683559494803,0.0,0.0,0.0
6ZER,2,rpk,free,344,A,A,0,-2.4397010524427296,-2.3619178528180598,0.07778319962466984,0.0,0.0,0.0
6ZER,2,rpk,free,345,T,T,0,0.3823364828548913,0.564083302974878,0.18174682011998666,0.0,0.0,0.0
6ZER,2,rpk,free,346,R,R,0,0.053966606977110324,0.1142474201771031,0.060280813199992775,0.0,0.0,0.0
6ZER,2,rpk,free,347,F,F,0,-1.729395603876499,-1.4078566497029572,0.32153895417354184,0.0,0.0,0.0
6ZER,2,rpk,free,348,A,A,0,-1.2407735961973347,-1.3116326890315197,-0.07085909283418501,0.0,0.0,0.0
6ZER,2,rpk,free,349,S,S,0,-2.7858874587103175,-2.761305090916659,0.0245823677936583,0.0,0.0,0.0
6ZER,2,rpk,free,350,V,V,0,-1.7406418340929335,-1.8370766837751271,-0.09643484968219362,0.0,0.0,0.0
6ZER,2,rpk,free,351,Y,Y,0,-2.4415565062638267,-2.285578914173092,0.1559775920907347,0.0,0.0,0.0
6ZER,2,rpk,free,352,A,A,0,-1.5651250912005894,-1.4658773542663242,0.09924773693426525,0.0,0.0,0.0
6ZER,2,rpk,free,353,W,W,0,-2.2709422826049064,-2.2895810093361355,-0.018638726731229127,0.0,0.0,0.0
6ZER,2,rpk,free,354,N,N,0,-0.08993346579639082,-0.09471263926926332,-0.004779173472872503,0.0,0.0,0.0
6ZER,2,rpk,free,355,R,R,0,-1.930410891361442,-1.9499229550709278,-0.019512063709485883,0.0,0.0,0.0
6ZER,2,rpk,free,356,K,K,0,-2.787033992505564,-2.5830014717707326,0.20403252073483147,0.0,0.0,0.0
6ZER,2,rpk,free,357,R,R,0,-1.7681235144227374,-1.7558622556285888,0.012261258794148633,0.0,0.0,0.0
6ZER,2,rpk,free,358,I,I,0,-6.538396476056736,-6.667215713899596,-0.1288192378428601,0.0,0.0,0.0
6ZER,2,rpk,free,359,S,S,0,-2.47970390009691,-2.556213402509845,-0.07650950241293497,0.0,0.0,0.0
6ZER,2,rpk,free,360,N,N,0,-0.7287311509331824,-0.7012543316616082,0.027476819271574193,0.0,0.0,0.0
6ZER,2,rpk,free,361,C,C,0,-1.5752444706469224,-1.449248188303344,0.12599628234357851,0.0,0.0,0.0
6ZER,2,rpk,free,362,V,V,0,-4.775289915567081,-4.674597200342593,0.10069271522448808,0.0,0.0,0.0
6ZER,2,rpk,free,363,A,A,0,-3.2691999416969333,-2.9416121019785146,0.32758783971841865,0.0,0.0,0.0
6ZER,2,rpk,free,364,D,D,0,-4.987502684859571,-4.580582026798516,0.40692065806105493,0.0,0.0,0.0
6ZER,2,rpk,free,365,Y,Y,0,-5.965584570459935,-4.89964641809368,1.0659381523662548,-2.8784039464253494e-06,0.0,2.8784039464253494e-06
6ZER,2,rpk,free,366,S,S,0,-5.061457546348299,-5.772161553399943,-0.7107040070516444,0.0,0.0,0.0
6ZER,2,rpk,free,367,V,V,0,0.17666459945604285,-0.19136633394364994,-0.3680309333996928,0.0,0.0,0.0
6ZER,2,rpk,free,368,L,L,0,-4.893944800946453,-6.565658634211946,-1.6717138332654935,-0.010694958249048349,-0.1927401883848411,-0.18204523013579277
6ZER,2,rpk,free,369,Y,Y,0,-1.0790179073780046,-1.3249521326587623,-0.2459342252807577,-1.9573329884571553,-1.849740094149885,0.10759289430727037
6ZER,2,rpk,free,370,N,N,0,-2.226350440271023,-0.849292183149345,1.3770582571216778,0.0,0.0,0.0
6ZER,2,rpk,free,371,S,L,1,-0.9904886840692793,0.9739470610995473,1.9644357451688266,0.0,0.0,0.0
6ZER,2,rpk,free,372,A,A,0,1.3272377380678744,2.269773477597184,0.9425357395293095,0.0,-0.0008384840097327342,-0.0008384840097327342
6ZER,2,rpk,free,373,S,P,1,-0.9302398708774469,0.040914513377994344,0.9711543842554412,0.0,0.1506283645793401,0.1506283645793401
6ZER,2,rpk,free,374,F,F,0,-1.7762100757266346,-4.137623723557407,-2.361413647830773,-0.09087252784504138,-2.662596964988418,-2.5717244371433763
6ZER,2,rpk,free,375,S,F,1,-0.7856074535287346,-2.1506957768807737,-1.365088323352039,-1.2658990698989032,-0.3853421471927355,0.8805569227061677
6ZER,2,rpk,free,376,T,T,0,-2.2935961320123397,-2.856799008764722,-0.5632028767523822,0.1422808109227937,-0.10559724569933693,-0.24787805662213064
6ZER,2,rpk,free,377,F,F,0,-1.0036889154745001,-2.151807112493131,-1.148118197018631,-1.9477118279695325,-3.4271899505470347,-1.4794781225775022
6ZER,2,rpk,free,378,K,K,0,-4.260968474726193,-5.124167014191871,-0.863198539465678,-5.758839695919999,-5.842247685235531,-0.08340798931553195
6ZER,2,rpk,free,379,C,C,0,-2.5222228013927745,-2.3716107930351886,0.15061200835758592,-2.988888584142696,-3.2695907264537984,-0.28070214231110224
6ZER,2,rpk,free,380,Y,Y,0,-5.252839605994593,-5.491252900640795,-0.2384132946462021,-4.893550149144413,-4.663828092280351,0.22972205686406166
6ZER,2,rpk,free,381,G,G,0,-4.333733582802745,-4.283903406055147,0.04983017674759793,-4.49443982603052,-4.545211320275818,-0.05077149424529814
6ZER,2,rpk,free,382,V,V,0,-3.291180063917098,-3.8511212317111583,-0.5599411677940602,-3.99940197607316,-3.70518234447825,0.2942196315949097
6ZER,2,rpk,free,383,S,S,0,-2.4888038323619,-2.3604952813350386,0.12830855102686156,-2.109859323351005,-1.4942342253740188,0.615625097976986
6ZER,2,rpk,free,384,P,P,0,-6.516471283422235,-6.298826628143538,0.21764465527869703,-3.3250326508899883,-2.832522028976802,0.4925106219131865
6ZER,2,rpk,free,385,T,T,0,-3.1731043845802205,-1.4710315427674194,1.702072841812801,-10.0835425881425,-6.412216841687037,3.6713257464554623
6ZER,2,rpk,free,386,K,K,0,-2.425906176189936,-2.879424198303597,-0.453518022113661,-3.6468955901394713,-4.075708233989022,-0.4288126438495503
6ZER,2,rpk,free,387,L,L,0,-3.7736244960615686,-4.250570256389252,-0.4769457603276832,0.04389321038316766,-2.7990315823033397e-07,-0.04389349028632589
6ZER,2,rpk,free,388,N,N,0,0.7051482434606581,0.7445064206633787,0.03935817720272061,-0.06714350614839265,0.0631528196514495,0.13029632579984216
6ZER,2,rpk,free,389,D,D,0,-2.783312898209859,-1.3202666670337546,1.4630462311761043,-2.977378737693283,-0.27025222746624866,2.7071265102270345
6ZER,2,rpk,free,390,L,L,0,-5.214694437436171,-4.772651347266936,0.4420430901692347,-4.272871667394438,-3.918741197287289,0.3541304701071488
6ZER,2,rpk,free,391,C,C,0,0.44038321448380596,0.8314829957608751,0.3910997812770692,-0.3443592674578812,-0.16114545465291896,0.18321381280496224
6ZER,2,rpk,free,392,F,F,0,-8.26250560385761,-9.271438493256449,-1.0089328893988387,-1.1767682572176996,-0.9821700940903264,0.1945981631273732
6ZER,2,rpk,free,393,T,T,0,-2.0072156270252046,-2.1972509183965276,-0.19003529137132302,-9.696775686535847e-06,0.0,9.696775686535847e-06
6ZER,2,rpk,free,394,N,N,0,-4.193795579196632,-4.106567457087052,0.08722812210957986,0.0,0.0,0.0
6ZER,2,rpk,free,395,V,V,0,-6.848374651593543,-6.6827565782021425,0.16561807339140078,0.0,0.0,0.0
6ZER,2,rpk,free,396,Y,Y,0,-4.864775168615128,-4.9427937689356645,-0.07801860032053654,0.0,0.0,0.0
6ZER,2,rpk,free,397,A,A,0,-2.65697510688641,-2.583986018292007,0.07298908859440312,0.0,0.0,0.0
6ZER,2,rpk,free,398,D,D,0,-8.089319996456515,-8.037729013529741,0.051590982926773776,0.0,0.0,0.0
6ZER,2,rpk,free,399,S,S,0,-4.052312737111053,-3.6070798339116315,0.4452329031994213,0.0,0.0,0.0
6ZER,2,rpk,free,400,F,F,0,-7.907445652596922,-7.930808407709021,-0.023362755112098732,0.0,0.0,0.0
6ZER,2,rpk,free,401,V,V,0,-4.5584122549230965,-4.3611301713722925,0.197282083550804,0.0,0.0,0.0
6ZER,2,rpk,free,402,I,I,0,-5.500941629178917,-4.896643842945155,0.6042977862337624,0.0,0.0,0.0
6ZER,2,rpk,free,403,R,R,0,-4.611979521136983,-4.72910258914153,-0.11712306800454719,0.0,0.0,0.0
6ZER,2,rpk,free,404,G,G,0,0.23974391955154395,-0.20384653260896463,-0.4435904521605086,0.0,0.0,0.0
6ZER,2,rpk,free,405,D,D,0,-2.903278816337468,-3.1154435672529988,-0.21216475091553066,0.0,0.0,0.0
6ZER,2,rpk,free,406,E,E,0,-7.120483550412722,-7.087876825240812,0.032606725171909545,0.0,0.0,0.0
6ZER,2,rpk,free,407,V,V,0,-2.5938897716485445,-3.7898957692937785,-1.196005997645234,0.0,0.0,0.0
6ZER,2,rpk,free,408,R,R,0,1.2320904882552626,0.16483616599458692,-1.0672543222606756,0.0,0.0,0.0
6ZER,2,rpk,free,409,Q,Q,0,-6.277734497972098,-6.758076358262195,-0.48034186029009707,0.0,0.0,0.0
6ZER,2,rpk,free,410,I,I,0,-3.609936584151322,-3.857230433895318,-0.24729384974399604,0.0,0.0,0.0
6ZER,2,rpk,free,411,A,A,0,-1.6096593140741393,-1.7269970920918245,-0.11733777801768519,0.007917300411968926,0.015973931452921114,0.008056631040952188
6ZER,2,rpk,free,412,P,P,0,-5.894100334236404,-6.952605701309346,-1.058505367072942,0.08713635294308902,-1.5705602708593132,-1.6576966238024022
6ZER,2,rpk,free,413,G,G,0,-2.32583252785656,-2.301897359566153,0.02393516829040676,-0.10196286293934144,-0.36295096806590665,-0.26098810512656523
6ZER,2,rpk,free,414,Q,Q,0,-3.2038690799288965,-3.6129119421982954,-0.4090428622693989,-0.6371776813558939,-2.2757727762369706,-1.6385950948810768
6ZER,2,rpk,free,415,T,T,0,-1.3669332635480065,-1.312002408598304,0.05493085494970251,0.0,0.0,0.0
6ZER,2,rpk,free,416,G,G,0,-2.9956462379235242,-2.9521657307584053,0.043480507165118976,0.0,0.0,0.0
6ZER,2,rpk,free,417,K,N,1,0.002318112520022904,-0.1809745621672081,-0.18329267468723098,0.0,0.0,0.0
6ZER,2,rpk,free,418,I,I,0,-5.911354141280293,-6.144042987371933,-0.23268884609164076,0.0,0.0,0.0
6ZER,2,rpk,free,419,A,A,0,-2.466494991574097,-2.157578640406952,0.3089163511671451,0.0,0.0,0.0
6ZER,2,rpk,free,420,D,D,0,-7.482245033440944,-7.466072625912139,0.016172407528805444,0.0,0.0,0.0
6ZER,2,rpk,free,421,Y,Y,0,-1.388559958963788,-1.2810331313522243,0.10752682761156374,0.0,0.0,0.0
6ZER,2,rpk,free,422,N,N,0,-4.514155916445078,-4.540486043484349,-0.02633012703927129,0.0,0.0,0.0
6ZER,2,rpk,free,423,Y,Y,0,-5.295487301358139,-5.337610439490818,-0.04212313813267876,0.0,0.0,0.0
6ZER,2,rpk,free,424,K,K,0,-2.026438701532582,-2.191091667434896,-0.16465296590231393,0.0,0.0,0.0
6ZER,2,rpk,free,425,L,L,0,-6.780803622412748,-6.79374220334304,-0.012938580930292432,0.0,0.0,0.0
6ZER,2,rpk,free,426,P,P,0,-5.224978192147936,-5.033474927542005,0.19150326460593092,0.22825657393893217,0.2287668076196715,0.0005102336807393248
6ZER,2,rpk,free,427,D,D,0,-1.671976303499966,-1.782030215643424,-0.11005391214345805,-1.7048254300989585,-2.091473220850494,-0.38664779075153555
6ZER,2,rpk,free,428,D,D,0,-0.851877570106947,-0.7405706987993024,0.1113068713076446,-0.4451365786445329,-0.2336019364082376,0.21153464223629528
6ZER,2,rpk,free,429,F,F,0,-5.094851220306269,-5.2346671539954865,-0.13981593368921796,-2.8034198129275993,-2.789390965866063,0.014028847061536176
6ZER,2,rpk,free,430,T,T,0,-3.166372491566728,-3.2223483495834184,-0.05597585801669025,-0.5141047233985527,-0.3911490263841348,0.12295569701441794
6ZER,2,rpk,free,431,G,G,0,-5.50015929364551,-5.456976845020077,0.043182448625432635,0.0033349908152494343,0.004155873112155466,0.0008208822969060321
6ZER,2,rpk,free,432,C,C,0,-2.948136179805823,-3.138556695112335,-0.19042051530651216,0.0,0.0,0.0
6ZER,2,rpk,free,433,V,V,0,-6.194323834640343,-6.44892143426263,-0.25459759962228645,0.0,0.0,0.0
6ZER,2,rpk,free,434,I,I,0,-7.779960509895442,-4.743984531144082,3.0359759787513605,0.0005456210393655947,-2.2506785475657e-05,-0.0005681278248412517
6ZER,2,rpk,free,435,A,A,0,-7.077843342752378,-6.881250318514098,0.19659302423827985,0.0,0.0,0.0
6ZER,2,rpk,free,436,W,W,0,-3.525917592741544,-1.1277456097362566,2.3981719830052874,0.0,0.0,0.0
6ZER,2,rpk,free,437,N,N,0,-2.6605728422454984,-2.796651413354216,-0.13607857110871757,0.0,0.0,0.0
6ZER,2,rpk,free,438,S,S,0,-3.7560618476073353,-3.657082538852251,0.0989793087550841,0.0,0.0,0.0
6ZER,2,rpk,free,439,N,N,0,-1.0243757039989023,-1.2310951554492173,-0.206719451450315,0.0,0.0,0.0
6ZER,2,rpk,free,440,N,K,1,-0.03437932958985507,-0.004438243347974158,0.02994108624188091,0.0,0.0,0.0
6ZER,2,rpk,free,441,L,L,0,0.15285077263389285,-0.4235438131588006,-0.5763945857926934,0.0,0.0,0.0
6ZER,2,rpk,free,442,D,D,0,-8.137839936592162,-7.989351064780002,0.14848887181215975,0.0,0.0,0.0
6ZER,2,rpk,free,443,S,S,0,-2.08511279028071,-2.151510128280775,-0.06639733800006509,0.0,0.0,0.0
6ZER,2,rpk,free,444,K,K,0,-1.0786317698996506,-1.418366217354849,-0.33973444745519843,0.0,0.0,0.0
6ZER,2,rpk,free,445,V,V,0,1.2241106847666512,0.9870377865364931,-0.2370728982301581,0.0,0.0,0.0
6ZER,2,rpk,free,446,G,S,1,0.8373890585944687,-0.960390040483674,-1.7977790990781428,0.0,0.0,0.0
6ZER,2,rpk,free,447,G,G,0,-2.6893000632724675,-3.1908684285678675,-0.5015683652953999,0.0,0.0,0.0
6ZER,2,rpk,free,448,N,N,0,-3.1054814608186154,-3.679538055791805,-0.5740565949731895,0.0,0.0,0.0
6ZER,2,rpk,free,449,Y,Y,0,-0.21290801187399735,-0.16207463914402484,0.050833372729972515,0.0,0.0,0.0
6ZER,2,rpk,free,450,N,N,0,-1.3374690130403746,-1.2553772244647927,0.08209178857558186,0.0,0.0,0.0
6ZER,2,rpk,free,451,Y,Y,0,-5.70418872288429,-5.953326923893562,-0.24913820100927264,0.0,0.0,0.0
6ZER,2,rpk,free,452,L,L,0,-3.6581630962402176,-3.2077857038815627,0.4503773923586549,0.0,0.0,0.0
6ZER,2,rpk,free,453,Y,Y,0,-6.311292575512276,-6.175149418316873,0.13614315719540304,0.0,0.0,0.0
6ZER,2,rpk,free,454,R,R,0,-4.866553934496398,-5.2283446718546145,-0.3617907373582163,0.0,0.0,0.0
6ZER,2,rpk,free,455,L,L,0,-2.317809687426157,-1.556726464519241,0.761083222906916,0.0,0.0,0.0
6ZER,2,rpk,free,456,F,F,0,-4.429206037331621,-4.800905896031863,-0.371699858700242,0.0,0.0,0.0
6ZER,2,rpk,free,457,R,R,0,-1.0088875042255316,-1.086584850285163,-0.0776973460596313,0.0,0.0,0.0
6ZER,2,rpk,free,458,K,K,0,-1.7147249224476795,-1.7031176902371907,0.01160723221048876,0.0,0.0,0.0
6ZER,2,rpk,free,459,S,S,0,-1.467122367294202,-1.58778642402529,-0.12066405673108793,0.0,0.0,0.0
6ZER,2,rpk,free,460,N,N,0,-1.3255957917441135,-1.344722295172326,-0.01912650342821265,0.0,0.0,0.0
6ZER,2,rpk,free,461,L,L,0,-3.763392755368343,-3.7352236813274122,0.02816907404093083,0.0,0.0,0.0
6ZER,2,rpk,free,462,K,K,0,-2.6114677207674846,-2.5922039551144294,0.01926376565305521,0.0,0.0,0.0
6ZER,2,rpk,free,463,P,P,0,-4.817425819227367,-4.755698081061773,0.06172773816559385,0.0,0.0,0.0
6ZER,2,rpk,free,464,F,F,0,-1.5467155175385383,-1.4801086793734775,0.06660683816506086,0.0,0.0,0.0
6ZER,2,rpk,free,465,E,E,0,-4.421340904014114,-4.4477860412525745,-0.026445137238460426,0.0,0.0,0.0
6ZER,2,rpk,free,466,R,R,0,-1.539832618099272,-1.6024348767839975,-0.06260225868472546,0.0,0.0,0.0
6ZER,2,rpk,free,467,D,D,0,-3.8504725057944285,-3.9718664382704647,-0.12139393247603625,0.0,0.0,0.0
6ZER,2,rpk,free,468,I,I,0,0.5333303165534659,0.5002614427157467,-0.03306887383771917,0.0,0.0,0.0
6ZER,2,rpk,free,469,S,S,0,-3.5100241032577593,-3.2856877422055497,0.22433636105220955,0.0,0.0,0.0
6ZER,2,rpk,free,470,T,T,0,-1.1697960348406866,-1.0932993144940966,0.07649672034659005,0.0,0.0,0.0
6ZER,2,rpk,free,471,E,E,0,-2.422582175567752,-2.462026488609143,-0.039444313041391066,0.0,0.0,0.0
6ZER,2,rpk,free,472,I,I,0,-2.598891729948547,-2.768430449791251,-0.16953871984270386,0.0,0.0,0.0
6ZER,2,rpk,free,473,Y,Y,0,-4.69879158417002,-4.921005239908031,-0.22221365573801144,0.0,0.0,0.0
6ZER,2,rpk,free,474,Q,Q,0,-2.818305255186942,-2.6752134768456854,0.14309177834125641,0.0,0.0,0.0
6ZER,2,rpk,free,475,A,A,0,-0.932926865600846,-1.3549614540939,-0.42203458849305386,0.0,0.0,0.0
6ZER,2,rpk,free,476,G,G,0,-0.10292828881148336,-0.2801977981822735,-0.17726950937079017,0.0,0.0,0.0
6ZER,2,rpk,free,477,S,N,1,-0.4887602849876478,0.07634218403078218,0.56510246901843,0.0,0.0,0.0
6ZER,2,rpk,free,478,T,K,1,0.506923843151124,0.3318281900902034,-0.17509565306092062,0.0,0.0,0.0
6ZER,2,rpk,free,479,P,P,0,-4.829180684007401,-4.605377236819505,0.2238034471878958,0.0,0.0,0.0
6ZER,2,rpk,free,480,C,C,0,-0.6153600768475449,-0.5011102724898027,0.11424980435774224,0.0,0.0,0.0
6ZER,2,rpk,free,481,N,N,0,0.3591938219664196,0.4356452282747414,0.07645140630832181,0.0,0.0,0.0
6ZER,2,rpk,free,482,G,G,0,-2.2544576022776046,-2.5574941923320234,-0.30303659005441874,0.0,0.0,0.0
6ZER,2,rpk,free,483,V,V,0,-0.30823059608926395,0.13201991928844348,0.44025051537770743,0.0,0.0,0.0
6ZER,2,rpk,free,484,E,A,1,-2.1949559806650334,-1.0961636134788224,1.098792367186211,0.0,0.0,0.0
6ZER,2,rpk,free,485,G,G,0,-2.2815229359714424,-2.374149049833,-0.09262611386155761,0.0,0.0,0.0
6ZER,2,rpk,free,486,F,F,0,3.5161925142107266,3.9287822469325997,0.41258973272187305,0.0,0.0,0.0
6ZER,2,rpk,free,487,N,N,0,-4.539554214948975,-4.446936702154216,0.09261751279475927,0.0,0.0,0.0
6ZER,2,rpk,free,488,C,C,0,-1.2635793286904462,-1.2876827658582024,-0.024103437167756203,0.0,0.0,0.0
6ZER,2,rpk,free,489,Y,Y,0,-4.731422796804873,-4.054658660120866,0.6767641366840067,0.0,0.0,0.0
6ZER,2,rpk,free,490,F,F,0,1.1460723725709476,0.8704649313509533,-0.27560744121999436,0.0,0.0,0.0
6ZER,2,rpk,free,491,P,P,0,-6.608109398575163,-6.328878760213135,0.2792306383620282,0.0,0.0,0.0
6ZER,2,rpk,free,492,L,L,0,-5.989928255985809,-5.662693882020138,0.32723437396567157,0.0,0.0,0.0
6ZER,2,rpk,free,493,Q,R,1,-2.4730901211490184,-3.471009097676482,-0.9979189765274636,0.0,0.0,0.0
6ZER,2,rpk,free,494,S,S,0,-2.0910262615868036,-1.2845446256656032,0.8064816359212004,0.0,0.0,0.0
6ZER,2,rpk,free,495,Y,Y,0,-5.363653146926888,-4.694457555943208,0.66919559098368,0.0,0.0,0.0
6ZER,2,rpk,free,496,G,S,1,0.8394910659064049,-0.5738563126685969,-1.413347378575002,0.0,0.0,0.0
6ZER,2,rpk,free,497,F,F,0,-4.330414131208519,-5.774911485890953,-1.4444973546824338,0.0,0.0,0.0
6ZER,2,rpk,free,498,Q,R,1,-0.8987788646906034,-1.234266853393459,-0.3354879887028557,0.0,0.0,0.0
6ZER,2,rpk,free,499,P,P,0,-4.194143568592157,-4.157518079822818,0.03662548876933869,0.0,0.0,0.0
6ZER,2,rpk,free,500,T,T,0,0.4071671892876772,0.28436843239708653,-0.12279875689059067,0.0,0.0,0.0
6ZER,2,rpk,free,501,N,Y,1,-2.099936244886391,-0.9524683893431227,1.1474678555432685,0.0,0.0,0.0
6ZER,2,rpk,free,502,G,G,0,-1.3099729091612407,-0.8658820923282791,0.4440908168329616,0.0,0.0,0.0
6ZER,2,rpk,free,503,V,V,0,1.8839332314168529,0.8063107292393221,-1.0776225021775307,0.0,0.0,0.0
6ZER,2,rpk,free,504,G,G,0,-1.8110593738676013,-1.8376509856424723,-0.026591611774871016,0.0,0.0,0.0
6ZER,2,rpk,free,505,Y,H,1,-0.2730561315038236,-1.9423758664526694,-1.6693197349488458,0.0,0.0,0.0
6ZER,2,rpk,free,506,Q,Q,0,-3.484208377389473,-3.643332424966951,-0.15912404757747778,0.0,0.0,0.0
6ZER,2,rpk,free,507,P,P,0,-7.400757236273868,-7.270324069239239,0.13043316703462882,0.0,0.0,0.0
6ZER,2,rpk,free,508,Y,Y,0,-6.030497549599097,-8.109852996507211,-2.0793554469081137,0.0,0.0,0.0
6ZER,2,rpk,free,509,R,R,0,-4.999878693503125,-4.5854397914868965,0.41443890201622846,0.0,0.0,0.0
6ZER,2,rpk,free,510,V,V,0,-6.797172260909811,-6.324082981920002,0.4730892789898089,0.0,0.0,0.0
6ZER,2,rpk,free,511,V,V,0,-7.445914604652197,-6.986810277682932,0.45910432696926495,0.0,0.0,0.0
6ZER,2,rpk,free,512,V,V,0,-7.334114860780246,-7.213560895287894,0.12055396549235198,0.0,0.0,0.0
6ZER,2,rpk,free,513,L,L,0,-7.1336165972463235,-7.714873283866461,-0.5812566866201374,0.0,0.0,0.0
6ZER,2,rpk,free,514,S,S,0,-3.7561276656411793,-3.716352024635361,0.03977564100581832,0.0,0.0,0.0
6ZER,2,rpk,free,515,F,F,0,-4.530825404509436,-4.763488744686907,-0.2326633401774716,-0.19209806740932622,-0.024207973198776173,0.16789009421055004
6ZER,2,rpk,free,516,E,E,0,-5.721439646087497,-5.445251021650983,0.2761886244365144,0.0,0.0,0.0
6ZER,2,rpk,free,517,L,L,0,-0.625109826369489,-0.47454544742449584,0.15056437894499314,-1.9305092206650927,-1.5520603058353541,0.3784489148297385
6ZER,2,rpk,free,518,L,L,0,-1.6878667086330872,-1.7382319842731189,-0.05036527564003168,0.0,0.0,0.0
6ZER,2,rpk,free,519,H,H,0,2.0206157541719048,1.988628680434686,-0.03198707373721876,0.0,0.0,0.0
6ZER,2,rpk,free,520,A,A,0,-0.05059923782194087,-0.030808011483825504,0.019791226338115364,0.0,0.0,0.0
6ZER,2,rpk,free,521,P,P,0,-3.635276907297414,-3.6600539950539126,-0.024777087756498783,0.0,0.0,0.0
6ZER,2,rpk,free,522,A,A,0,-1.6344861056735684,-1.6342164933565384,0.0002696123170300435,0.0,0.0,0.0
6ZER,2,rpk,free,523,T,T,0,-4.442679097691969,-4.412616738097941,0.030062359594028365,0.0,0.0,0.0
6ZER,2,rpk,free,524,V,V,0,-5.456493438157934,-5.188981724633806,0.2675117135241276,0.0,0.0,0.0
6ZER,2,rpk,free,525,C,C,0,-0.3113886242251375,-0.2977413808126081,0.01364724341252943,0.0,0.0,0.0
6ZER,2,rpk,free,526,G,G,0,-0.7424125814366103,-0.42593185319177157,0.3164807282448387,0.0,0.0,0.0
6ZER,2,rpk,free,527,P,P,0,-3.151947788789053,-2.8920838204431383,0.25986396834591474,0.0,0.0,0.0
6ZER,2,rpk,free,528,K,K,0,1.2456104273154007,1.1286010405741893,-0.11700938674121142,0.07246785649551445,0.0,-0.07246785649551445
6ZER,2,af2,cons,320,V,V,0,0.6078035366270664,0.7583750794122752,0.1505715427852088,0.0,0.0,0.0
6ZER,2,af2,cons,321,Q,Q,0,-0.39513522545777635,-0.18571450759144886,0.2094207178663275,0.0,0.0,0.0
6ZER,2,af2,cons,322,P,P,0,-5.81755825048503,-5.819529849484452,-0.0019715989994217864,0.0,0.0,0.0
6ZER,2,af2,cons,323,T,T,0,-0.36791780661783396,-0.22804536870847997,0.139872437909354,0.0,0.0,0.0
6ZER,2,af2,cons,324,E,E,0,-2.7719946349839946,-3.330272133886802,-0.5582774989028074,0.0,0.0,0.0
6ZER,2,af2,cons,325,S,S,0,-0.4548166052297197,-0.41004309535012334,0.04477350987959633,0.0,0.0,0.0
6ZER,2,af2,cons,326,I,I,0,-2.928499103324881,-2.8510465464205845,0.07745255690429653,0.0,0.0,0.0
6ZER,2,af2,cons,327,V,V,0,-3.376709377124968,-3.52434773630063,-0.14763835917566182,0.0,0.0,0.0
6ZER,2,af2,cons,328,R,R,0,0.4746467508186168,0.40585626507296724,-0.06879048574564955,0.0,0.0,0.0
6ZER,2,af2,cons,329,F,F,0,-2.4614701570922626,-2.4958392795616944,-0.0343691224694318,0.0,0.0,0.0
6ZER,2,af2,cons,330,P,P,0,-4.6933667826325935,-4.597791050047927,0.0955757325846669,0.0,0.0,0.0
6ZER,2,af2,cons,331,N,N,0,-0.1844150401938618,-0.19523340050732574,-0.010818360313463948,0.0,0.0,0.0
6ZER,2,af2,cons,332,I,I,0,-3.060419970647968,-3.021151366197781,0.03926860445018665,0.0,0.0,0.0
6ZER,2,af2,cons,333,T,T,0,-0.707062807602534,-0.7176614989990371,-0.010598691396503046,0.0,0.0,0.0
6ZER,2,af2,cons,334,N,N,0,-2.159688998712545,-2.2220658071557877,-0.06237680844324256,0.0,0.0,0.0
6ZER,2,af2,cons,335,L,L,0,-0.7938676534740323,-0.8352897057078221,-0.04142205223378981,0.0,0.0,0.0
6ZER,2,af2,cons,336,C,C,0,-2.606395092176365,-2.844193913041786,-0.23779882086542115,0.0,0.0,0.0
6ZER,2,af2,cons,337,P,P,0,-3.019470919171541,-3.006547181056929,0.012923738114612338,0.0,0.0,0.0
6ZER,2,af2,cons,338,F,F,0,-4.978515880890775,-4.630729962817707,0.34778591807306825,0.0,0.0,0.0
6ZER,2,af2,cons,339,G,D,1,-0.06718157800914502,-2.046594085193915,-1.97941250718477,0.0,0.0,0.0
6ZER,2,af2,cons,340,E,E,0,-1.5306666695321596,-2.1060405449593493,-0.5753738754271898,0.0,0.0,0.0
6ZER,2,af2,cons,341,V,V,0,-2.995370856485081,-2.87940208816731,0.11596876831777081,0.0,0.0,0.0
6ZER,2,af2,cons,342,F,F,0,-5.710705136020077,-4.9720516450695635,0.7386534909505134,0.0,0.0,0.0
6ZER,2,af2,cons,343,N,N,0,-1.8536849973288905,-2.0773598626881964,-0.22367486535930592,0.0,0.0,0.0
6ZER,2,af2,cons,344,A,A,0,-1.891757924515582,-2.030415525438971,-0.13865760092338908,0.0,0.0,0.0
6ZER,2,af2,cons,345,T,T,0,-0.4892243500783103,-0.5232804224873289,-0.03405607240901859,0.0,0.0,0.0
6ZER,2,af2,cons,346,R,R,0,-0.06995211002398131,-0.3126785656423474,-0.2427264556183661,0.0,0.0,0.0
6ZER,2,af2,cons,347,F,F,0,-0.7226920155769447,-0.26871647665778065,0.4539755389191641,0.0,0.0,0.0
6ZER,2,af2,cons,348,A,A,0,-0.9504623967686648,-1.0605118065454275,-0.1100494097767627,0.0,0.0,0.0
6ZER,2,af2,cons,349,S,S,0,-3.309300407600768,-3.2195791612526503,0.08972124634811784,0.0,0.0,0.0
6ZER,2,af2,cons,350,V,V,0,-1.985039342113118,-1.9278001008134933,0.057239241299624766,0.0,0.0,0.0
6ZER,2,af2,cons,351,Y,Y,0,-2.6565735998964697,-3.073803952429478,-0.4172303525330081,0.0,0.0,0.0
6ZER,2,af2,cons,352,A,A,0,-1.4490860634275473,-1.452109096319386,-0.003023032891838584,0.0,0.0,0.0
6ZER,2,af2,cons,353,W,W,0,-1.998585630836231,-2.2767363705820345,-0.2781507397458034,0.0,0.0,0.0
6ZER,2,af2,cons,354,N,N,0,-1.8117553793970018,-1.7600349154294717,0.05172046396753016,0.0,0.0,0.0
6ZER,2,af2,cons,355,R,R,0,-1.9666111703194822,-1.6164934194280787,0.3501177508914035,0.0,0.0,0.0
6ZER,2,af2,cons,356,K,K,0,-3.3640054992827557,-2.627176086222301,0.7368294130604549,0.0,0.0,0.0
6ZER,2,af2,cons,357,R,R,0,-1.8547724835263149,-1.9649669495411448,-0.11019446601482996,0.0,0.0,0.0
6ZER,2,af2,cons,358,I,I,0,-6.74099826644697,-6.746781385954592,-0.005783119507622558,0.0,0.0,0.0
6ZER,2,af2,cons,359,S,S,0,-2.794636022984041,-2.6764935591308756,0.1181424638531654,0.0,0.0,0.0
6ZER,2,af2,cons,360,N,N,0,-3.5441963821240923,-3.3817950753176254,0.16240130680646692,0.0,0.0,0.0
6ZER,2,af2,cons,361,C,C,0,-3.656559635797115,-3.7760738023489626,-0.11951416655184754,0.0,0.0,0.0
6ZER,2,af2,cons,362,V,V,0,-5.535269769623607,-5.473058617920269,0.06221115170333835,0.0,0.0,0.0
6ZER,2,af2,cons,363,A,A,0,-1.1863762205326105,-1.9548286300180582,-0.7684524094854477,0.0,0.0,0.0
6ZER,2,af2,cons,364,D,D,0,-4.084948216845457,-4.096154111298598,-0.01120589445314124,0.0,0.0,0.0
6ZER,2,af2,cons,365,Y,Y,0,-7.117774809796728,-6.284264597043303,0.8335102127534251,0.03606697660052999,2.8861018843073813e-05,-0.036038115581686916
6ZER,2,af2,cons,366,S,S,0,-3.904124286575923,-4.252329077062961,-0.348204790487038,-0.1275236622096348,-0.17367778548168722,-0.04615412327205243
6ZER,2,af2,cons,367,V,V,0,2.0387797668581937,0.11080025397641652,-1.9279795128817772,0.01476435189772662,0.0,-0.01476435189772662
6ZER,2,af2,cons,368,L,L,0,-4.215804069645442,-4.063134508898999,0.15266956074644256,0.0,-0.06257006791804812,-0.06257006791804812
6ZER,2,af2,cons,369,Y,Y,0,-1.8245305337417965,1.8467858962188168,3.6713164299606134,-0.9380092739334345,-0.9220796750158744,0.015929598917560073
6ZER,2,af2,cons,370,N,N,0,-0.6358004257328648,-1.7557069826395044,-1.1199065569066398,-0.5641586144907023,0.33948103631193777,0.9036396508026401
6ZER,2,af2,cons,371,S,L,1,-1.5057310662202916,-3.5632699530471252,-2.0575388868268334,0.0,-2.8929379243805217e-06,-2.8929379243805217e-06
6ZER,2,af2,cons,372,A,A,0,1.57491669054061,-0.8478972725323614,-2.4228139630729713,0.0,-2.4852194464173887,-2.4852194464173887
6ZER,2,af2,cons,373,S,P,1,-2.516504700730622,-3.378255707305107,-0.8617510065744853,0.0,-0.4697428900312525,-0.4697428900312525
6ZER,2,af2,cons,374,F,F,0,-1.443059445276285,0.0742506223195033,1.5173100675957882,-0.4322807506278724,-0.012499845023021088,0.4197809056048513
6ZER,2,af2,cons,375,S,F,1,-0.8220635231304868,2.5537701079314896,3.3758336310619765,-0.9070616581115987,-0.9953140197109587,-0.08825236159936001
6ZER,2,af2,cons,376,T,T,0,-2.7040725305196363,-2.6654939632493693,0.038578567270266984,0.20422090823778832,0.24026355674077945,0.03604264850299113
6ZER,2,af2,cons,377,F,F,0,1.3318896990398674,-2.2949786777951644,-3.6268683768350316,-0.10285949450362494,-2.0219136650597873,-1.9190541705561623
6ZER,2,af2,cons,378,K,K,0,-4.716764110624882,-4.8240877055984885,-0.10732359497360644,-6.362349767773947,-6.017859111324391,0.34449065644955557
6ZER,2,af2,cons,379,C,C,0,-2.2957975365704915,-1.8267189884905677,0.4690785480799238,-2.1035962989175836,-2.9217135848541194,-0.8181172859365358
6ZER,2,af2,cons,380,Y,Y,0,-5.721947015204261,-5.785442312547863,-0.06349529734360182,-4.39713296560315,-4.455959264868588,-0.05882629926543803
6ZER,2,af2,cons,381,G,G,0,-4.033238817333011,-4.296882214764483,-0.2636433974314718,-3.6467093928811734,-3.9026177341470247,-0.2559083412658514
6ZER,2,af2,cons,382,V,V,0,-3.5231699738639093,-3.3402444419731165,0.18292553189079275,-4.429224149789473,-4.660842917733257,-0.23161876794378422
6ZER,2,af2,cons,383,S,S,0,-0.6551173138170245,-1.0407639480807964,-0.3856466342637719,-2.286415340423704,-2.652263141139165,-0.36584780071546064
6ZER,2,af2,cons,384,P,P,0,-3.6466841987671623,-4.52003113805796,-0.8733469392907978,-1.3765965412567904,-1.9653922701791953,-0.5887957289224048
6ZER,2,af2,cons,385,T,T,0,-1.1928852886118746,-2.0633865962455764,-0.8705013076337018,-7.332773273212563,-7.074598766025588,0.25817450718697543
6ZER,2,af2,cons,386,K,K,0,-2.49275141217765,-3.724801426348205,-1.232050014170555,-4.645178117822857,-5.246471383995352,-0.6012932661724948
6ZER,2,af2,cons,387,L,L,0,-2.7895229501150385,-4.918435443867088,-2.128912493752049,0.0,-0.0023969129002821476,-0.0023969129002821476
6ZER,2,af2,cons,388,N,N,0,-2.0483825901361437,-2.009867442341246,0.03851514779489751,0.09384160018230221,0.03439826096329413,-0.05944333921900808
6ZER,2,af2,cons,389,D,D,0,-3.4778920367985044,-3.969786939558225,-0.4918949027597206,-0.12592639219117324,-0.07362184801943333,0.05230454417173991
6ZER,2,af2,cons,390,L,L,0,-4.0115290139216,-4.493896858572067,-0.4823678446504669,-4.513912379471052,-4.049311748149775,0.46460063132127694
6ZER,2,af2,cons,391,C,C,0,-0.8427368865504868,-0.17615695817478577,0.666579928375701,-0.08442588588946084,-0.08967008599122268,-0.0052442001017618395
6ZER,2,af2,cons,392,F,F,0,-8.558922101991374,-9.027180064169556,-0.46825796217818194,-1.3326210815821298,-0.7176308246113023,0.6149902569708274
6ZER,2,af2,cons,393,T,T,0,-2.560905460435381,-3.8036711812917536,-1.2427657208563727,0.0,0.0,0.0
6ZER,2,af2,cons,394,N,N,0,-3.448516010573628,-4.459246023791337,-1.0107300132177093,0.0,0.0,0.0
6ZER,2,af2,cons,395,V,V,0,-6.102708646727011,-6.198751346241693,-0.09604269951468147,0.0,0.0,0.0
6ZER,2,af2,cons,396,Y,Y,0,-4.686267816277947,-5.172648971438812,-0.48638115516086433,0.0,0.0,0.0
6ZER,2,af2,cons,397,A,A,0,-2.993983239325778,-3.0352168565380095,-0.04123361721223162,0.0,0.0,0.0
6ZER,2,af2,cons,398,D,D,0,-7.848315579112265,-7.5371982619817395,0.3111173171305257,0.0,0.0,0.0
6ZER,2,af2,cons,399,S,S,0,-3.803029027587383,-3.932062356292456,-0.1290333287050731,0.0,0.0,0.0
6ZER,2,af2,cons,400,F,F,0,-8.704338100433718,-8.554216780869778,0.15012131956394015,0.0,0.0,0.0
6ZER,2,af2,cons,401,V,V,0,-4.898428829180844,-4.832000459454467,0.06642836972637678,0.0,0.0,0.0
6ZER,2,af2,cons,402,I,I,0,-6.507359416940579,-6.594151344940624,-0.08679192800004465,0.0,0.0,0.0
6ZER,2,af2,cons,403,R,R,0,-4.159212867287316,-4.342687171388907,-0.18347430410159138,0.0,0.0,0.0
6ZER,2,af2,cons,404,G,G,0,-0.6607267509161721,-1.2048608845926003,-0.5441341336764283,0.0,0.0,0.0
6ZER,2,af2,cons,405,D,D,0,-3.531874432179625,-3.572829651388319,-0.040955219208693716,0.0,0.0,0.0
6ZER,2,af2,cons,406,E,E,0,-6.165100848531294,-8.752408348442579,-2.587307499911285,0.0,0.0,0.0
6ZER,2,af2,cons,407,V,V,0,-2.6331229055915912,-2.596988259541857,0.036134646049734265,0.0,0.0,0.0
6ZER,2,af2,cons,408,R,R,0,0.2081049442944859,0.33793711159300954,0.12983216729852365,-5.1097754178545084e-05,-7.505678243849984e-05,-2.3959028259954752e-05
6ZER,2,af2,cons,409,Q,Q,0,-6.540768583604326,-7.3854113882389045,-0.8446428046345789,0.0,0.0,0.0
6ZER,2,af2,cons,410,I,I,0,-3.389310396072228,-3.03101191013882,0.35829848593340774,0.0,0.0,0.0
6ZER,2,af2,cons,411,A,A,0,-1.259308944358383,-1.0098714784861644,0.2494374658722185,0.04728851535821218,0.044040377699084234,-0.003248137659127945
6ZER,2,af2,cons,412,P,P,0,-6.823724035527881,-6.641981387193109,0.18174264833477238,-0.6121313974704793,-0.45016695492833636,0.16196444254214293
6ZER,2,af2,cons,413,G,G,0,-2.5692621994428184,-2.0257628930463483,0.5434993063964701,-0.2881498718910643,-0.24385057394296772,0.04429929794809656
6ZER,2,af2,cons,414,Q,Q,0,-3.916587836948241,-3.2222707615275477,0.6943170754206935,-0.39097430708149616,-0.44962714741698784,-0.058652840335491674
6ZER,2,af2,cons,415,T,T,0,-1.5014841251384141,-1.6411032720793437,-0.13961914694092958,0.0,0.0,0.0
6ZER,2,af2,cons,416,G,G,0,-3.539666841156574,-3.4678121735301795,0.0718546676263947,0.0,0.0,0.0
6ZER,2,af2,cons,417,K,N,1,0.012932878885376309,-0.3732091304399937,-0.38614200932537,0.0,0.0,0.0
6ZER,2,af2,cons,418,I,I,0,-5.045154716707683,-5.426816485946896,-0.381661769239213,0.0,0.0,0.0
6ZER,2,af2,cons,419,A,A,0,-2.0846214762608093,-2.9214054559111493,-0.83678397965034,0.0,0.0,0.0
6ZER,2,af2,cons,420,D,D,0,-7.9828855126636356,-6.582249091501493,1.400636421162143,0.0,0.0,0.0
6ZER,2,af2,cons,421,Y,Y,0,-2.1460066866400855,-2.784359392401674,-0.6383527057615885,0.0,0.0,0.0
6ZER,2,af2,cons,422,N,N,0,-3.7054073635943707,-3.8727675726457713,-0.1673602090514006,0.0,0.0,0.0
6ZER,2,af2,cons,423,Y,Y,0,-5.174369991945888,-5.6990722075984666,-0.5247022156525789,0.0,0.0,0.0
6ZER,2,af2,cons,424,K,K,0,-2.8449158771576823,-1.9712936448492766,0.8736222323084057,0.0,0.0,0.0
6ZER,2,af2,cons,425,L,L,0,-5.241692183876965,-6.187194926045674,-0.945502742168709,0.0,0.0,0.0
6ZER,2,af2,cons,426,P,P,0,-5.481981002860688,-5.567155579669804,-0.08517457680911633,0.17889557446089496,0.19202700158875996,0.013131427127864997
6ZER,2,af2,cons,427,D,D,0,-1.6686803857283476,-1.4922999184246095,0.17638046730373813,0.41049580564183036,0.38815899826764094,-0.022336807374189416
6ZER,2,af2,cons,428,D,D,0,-0.7432801339431812,-1.1397808046499682,-0.3965006707067871,-0.31165050199052136,-0.5710952112372912,-0.2594447092467699
6ZER,2,af2,cons,429,F,F,0,-4.723684389114753,-4.824123220898529,-0.10043883178377566,-2.4498328006155683,-2.5506859013757284,-0.10085310076016007
6ZER,2,af2,cons,430,T,T,0,-2.5659653356552994,-2.484965541390083,0.08099979426521653,-0.4198867904431304,-0.22950941494705765,0.19037737549607273
6ZER,2,af2,cons,431,G,G,0,-5.174567239256063,-4.803258012769937,0.37130922648612597,0.013861891369001844,0.006923117434583406,-0.006938773934418438
6ZER,2,af2,cons,432,C,C,0,-2.9337071457557813,-3.478770977540086,-0.5450638317843048,-7.206501322076786e-08,0.0,7.206501322076786e-08
6ZER,2,af2,cons,433,V,V,0,-6.516289817679917,-6.46146865036953,0.05482116731038733,0.0,0.0,0.0
6ZER,2,af2,cons,434,I,I,0,-7.5510530654532655,-5.481555832437374,2.069497233015891,0.0,0.0,0.0
6ZER,2,af2,cons,435,A,A,0,-7.102559042755365,-5.403049912795777,1.699509129959588,0.0,0.0,0.0
6ZER,2,af2,cons,436,W,W,0,-3.966527289856879,-3.878323207223104,0.0882040826337751,0.0,0.0,0.0
6ZER,2,af2,cons,437,N,N,0,-2.8562949671591245,-3.352606088794233,-0.4963111216351086,0.0,0.0,0.0
6ZER,2,af2,cons,438,S,S,0,-4.479420480903676,-4.277306011493945,0.20211446940973143,0.0,0.0,0.0
6ZER,2,af2,cons,439,N,N,0,-1.4326817576524316,-1.2230548011985758,0.20962695645385576,0.0,0.0,0.0
6ZER,2,af2,cons,440,N,K,1,-0.03456575347206971,-0.13032180755842535,-0.09575605408635564,0.0,0.0,0.0
6ZER,2,af2,cons,441,L,L,0,0.3352955838881684,0.34756065835926003,0.012265074471091653,0.0,0.0,0.0
6ZER,2,af2,cons,442,D,D,0,-8.69963462806674,-9.101889678492157,-0.402255050425417,0.0,0.0,0.0
6ZER,2,af2,cons,443,S,S,0,-1.9736649211479635,-2.0666382929126033,-0.09297337176463971,0.0,0.0,0.0
6ZER,2,af2,cons,444,K,K,0,-2.2773348470204198,-1.7994745518962514,0.4778602951241684,0.0,0.0,0.0
6ZER,2,af2,cons,445,V,V,0,2.256828738859317,1.330748216646319,-0.926080522212998,0.0,0.0,0.0
6ZER,2,af2,cons,446,G,S,1,-1.7546695522748523,-1.2480238644710087,0.5066456878038437,0.0,0.0,0.0
6ZER,2,af2,cons,447,G,G,0,-2.871882051878395,-2.3455342338498344,0.5263478180285608,0.0,0.0,0.0
6ZER,2,af2,cons,448,N,N,0,-4.100889341053556,-2.9929730673775987,1.107916273675957,0.0,0.0,0.0
6ZER,2,af2,cons,449,Y,Y,0,-1.6550924441473651,-0.7409694596123859,0.9141229845349792,0.0,0.0,0.0
6ZER,2,af2,cons,450,N,N,0,-1.3116119882003534,-1.3294356754028436,-0.017823687202490168,0.0,0.0,0.0
6ZER,2,af2,cons,451,Y,Y,0,-4.1677105089710755,-5.424350053221609,-1.2566395442505334,0.0,0.0,0.0
6ZER,2,af2,cons,452,L,L,0,-4.69560967273273,-3.1347185985179977,1.5608910742147324,0.0,0.0,0.0
6ZER,2,af2,cons,453,Y,Y,0,-6.19740383828187,-6.004187354127973,0.19321648415389703,0.0,0.0,0.0
6ZER,2,af2,cons,454,R,R,0,-5.891539910027767,-5.614034819103018,0.2775050909247492,0.0,0.0,0.0
6ZER,2,af2,cons,455,L,L,0,-2.6359890056846904,-1.7050294817347775,0.9309595239499129,0.0,0.0,0.0
6ZER,2,af2,cons,456,F,F,0,-4.083935019402452,-4.132115867484223,-0.04818084808177048,0.0,0.0,0.0
6ZER,2,af2,cons,457,R,R,0,-1.5514652286926007,-1.3604589592198735,0.19100626947272725,0.0,0.0,0.0
6ZER,2,af2,cons,458,K,K,0,-0.7476609942417227,-0.4464439962698862,0.30121699797183654,0.0,0.0,0.0
6ZER,2,af2,cons,459,S,S,0,-1.8985137528317129,-1.98106236719832,-0.08254861436660721,0.0,0.0,0.0
6ZER,2,af2,cons,460,N,N,0,-1.2480871435387328,-1.147420830737146,0.10066631280158678,0.0,0.0,0.0
6ZER,2,af2,cons,461,L,L,0,-4.152645478091373,-3.539334172791948,0.6133113052994252,0.0,0.0,0.0
6ZER,2,af2,cons,462,K,K,0,-2.8218327263258516,-2.7676392106700263,0.05419351565582531,0.0,0.0,0.0
6ZER,2,af2,cons,463,P,P,0,-4.788425457492711,-5.175274052760808,-0.3868485952680967,0.0,0.0,0.0
6ZER,2,af2,cons,464,F,F,0,-1.2569157553869708,-1.4921165371420209,-0.2352007817550501,0.0,0.0,0.0
6ZER,2,af2,cons,465,E,E,0,-4.989100036200257,-5.032375339797555,-0.04327530359729792,0.0,0.0,0.0
6ZER,2,af2,cons,466,R,R,0,-0.9310653416076515,-1.0702225341110432,-0.13915719250339165,0.0,0.0,0.0
6ZER,2,af2,cons,467,D,D,0,-4.976386210097019,-4.868956775310446,0.10742943478657274,0.0,0.0,0.0
6ZER,2,af2,cons,468,I,I,0,0.4659498791006129,0.5329833947223372,0.06703351562172433,0.0,0.0,0.0
6ZER,2,af2,cons,469,S,S,0,-3.313756356646027,-3.383788474284834,-0.07003211763880701,0.0,0.0,0.0
6ZER,2,af2,cons,470,T,T,0,-0.86811789186346,-1.226415295799268,-0.358297403935808,0.0,0.0,0.0
6ZER,2,af2,cons,471,E,E,0,-2.3463404214774326,-1.8054637110322929,0.5408767104451397,0.0,0.0,0.0
6ZER,2,af2,cons,472,I,I,0,-2.6007619586962707,-3.359762176717055,-0.7590002180207844,0.0,0.0,0.0
6ZER,2,af2,cons,473,Y,Y,0,-5.12205064690806,-4.986594127935878,0.13545651897218214,0.0,0.0,0.0
6ZER,2,af2,cons,474,Q,Q,0,-1.9092684233172,-2.0758907057129026,-0.16662228239570265,0.0,0.0,0.0
6ZER,2,af2,cons,475,A,A,0,-1.5891989861605682,-1.4717423172627182,0.11745666889785,0.0,0.0,0.0
6ZER,2,af2,cons,476,G,G,0,-0.3128640746652238,-0.4187012371460147,-0.10583716248079089,0.0,0.0,0.0
6ZER,2,af2,cons,477,S,N,1,-0.470153824861023,0.13049949879467881,0.6006533236557018,0.0,0.0,0.0
6ZER,2,af2,cons,478,T,K,1,0.6801700486729197,0.4047514289238525,-0.27541861974906723,0.0,0.0,0.0
6ZER,2,af2,cons,479,P,P,0,-4.8374627048483525,-4.245597193691987,0.5918655111563655,0.0,0.0,0.0
6ZER,2,af2,cons,480,C,C,0,0.2850457576160279,-0.3075995245754659,-0.5926452821914938,0.0,0.0,0.0
6ZER,2,af2,cons,481,N,N,0,0.20488613459578733,-1.1391099667014655,-1.3439961012972528,0.0,0.0,0.0
6ZER,2,af2,cons,482,G,G,0,-1.3275908811986121,-1.9222501088599802,-0.594659227661368,0.0,0.0,0.0
6ZER,2,af2,cons,483,V,V,0,2.128086151311171,-0.874957679573085,-3.003043830884256,0.0,0.0,0.0
6ZER,2,af2,cons,484,E,A,1,-0.761074550076254,-1.769814130523491,-1.0087395804472368,0.0,0.0,0.0
6ZER,2,af2,cons,485,G,G,0,0.21650773323289993,-2.8280500164439735,-3.044557749676873,0.0,0.0,0.0
6ZER,2,af2,cons,486,F,F,0,3.3474100036872416,3.3425276313074725,-0.004882372379769073,0.0,0.0,0.0
6ZER,2,af2,cons,487,N,N,0,-4.552824219410851,-4.649325012110994,-0.09650079270014356,0.0,0.0,0.0
6ZER,2,af2,cons,488,C,C,0,-0.6719201913000432,-1.5674054379596114,-0.8954852466595682,0.0,0.0,0.0
6ZER,2,af2,cons,489,Y,Y,0,-4.745487836978346,-3.242661364569771,1.5028264724085751,0.0,0.0,0.0
6ZER,2,af2,cons,490,F,F,0,1.0373330544115786,1.6140547395100477,0.5767216850984691,0.0,0.0,0.0
6ZER,2,af2,cons,491,P,P,0,-7.087483628875912,-7.285367604950362,-0.19788397607444974,0.0,0.0,0.0
6ZER,2,af2,cons,492,L,L,0,-6.036486407588316,-5.82998823575,0.20649817183831587,0.0,0.0,0.0
6ZER,2,af2,cons,493,Q,R,1,-2.4238954026874238,-3.3901449991612735,-0.9662495964738498,0.0,0.0,0.0
6ZER,2,af2,cons,494,S,S,0,-2.3014424593128378,-1.086685538748242,1.2147569205645958,0.0,0.0,0.0
6ZER,2,af2,cons,495,Y,Y,0,-5.335995623639531,-4.838463101453942,0.49753252218558863,0.0,0.0,0.0
6ZER,2,af2,cons,496,G,S,1,-0.9530101793481156,0.6110520628892382,1.5640622422373538,0.0,0.0,0.0
6ZER,2,af2,cons,497,F,F,0,-5.960820195121499,-4.981098411536281,0.9797217835852186,0.0,0.0,0.0
6ZER,2,af2,cons,498,Q,R,1,-0.11596636817131334,-0.8889806721455302,-0.7730143039742169,0.0,0.0,0.0
6ZER,2,af2,cons,499,P,P,0,-4.1571548575165576,-2.694162239643351,1.4629926178732067,0.0,0.0,0.0
6ZER,2,af2,cons,500,T,T,0,0.5350153932068704,0.13004005927639373,-0.4049753339304767,0.0,0.0,0.0
6ZER,2,af2,cons,501,N,Y,1,-2.1885702338000024,-0.22916576041261572,1.9594044733873868,0.0,0.0,0.0
6ZER,2,af2,cons,502,G,G,0,0.6618791315229539,0.5267169258904218,-0.135162205632532,0.0,0.0,0.0
6ZER,2,af2,cons,503,V,V,0,1.5008800195054341,1.5223826029716236,0.021502583466189495,0.0,0.0,0.0
6ZER,2,af2,cons,504,G,G,0,-2.0372494550259392,-1.8709098906854325,0.16633956434050678,0.0,0.0,0.0
6ZER,2,af2,cons,505,Y,H,1,-1.2408500851229454,-1.8443847142419894,-0.603534629119044,0.0,0.0,0.0
6ZER,2,af2,cons,506,Q,Q,0,-6.007218009306667,-5.822190183166567,0.18502782614010016,0.0,0.0,0.0
6ZER,2,af2,cons,507,P,P,0,-7.183966298667561,-7.244375519421414,-0.060409220753853354,0.0,0.0,0.0
6ZER,2,af2,cons,508,Y,Y,0,-2.880405899131823,-2.7956370037882463,0.08476889534357657,0.0,0.0,0.0
6ZER,2,af2,cons,509,R,R,0,-7.084142840665568,-7.5305389374390685,-0.44639609677350034,0.0,0.0,0.0
6ZER,2,af2,cons,510,V,V,0,-6.852939034622462,-6.657381408140914,0.1955576264815484,0.0,0.0,0.0
6ZER,2,af2,cons,511,V,V,0,-7.132052073377817,-7.57271863124565,-0.44066655786783215,0.0,0.0,0.0
6ZER,2,af2,cons,512,V,V,0,-7.105745205920204,-7.093606369952611,0.012138835967593131,0.0,0.0,0.0
6ZER,2,af2,cons,513,L,L,0,-7.455742776670088,-7.199352609096195,0.2563901675738931,0.0,0.0,0.0
6ZER,2,af2,cons,514,S,S,0,-3.9911027102003205,-3.9029944927390012,0.08810821746131925,0.0,0.0,0.0
6ZER,2,af2,cons,515,F,F,0,-3.4121557587102638,-4.054302835679137,-0.6421470769688735,0.007844453517043798,-0.0016874816459453643,-0.009531935162989162
6ZER,2,af2,cons,516,E,E,0,-4.567037400754349,-5.302729996759804,-0.735692596005455,-8.615972487827084e-05,0.0,8.615972487827084e-05
6ZER,2,af2,cons,517,L,L,0,-0.9971730250113013,0.001346595041551213,0.9985196200528526,-1.1990101244682871,-1.701603163007988,-0.5025930385397008
6ZER,2,af2,cons,518,L,L,0,2.6378081998140663,0.20505446006835593,-2.4327537397457104,0.04910681651371656,0.0,-0.04910681651371656
6ZER,2,af2,cons,519,H,H,0,0.5966199322115254,1.1816861594436479,0.5850662272321224,0.0,0.0,0.0
6ZER,2,af2,cons,520,A,A,0,-0.11502512258096159,0.5250931060051065,0.640118228586068,0.0,0.0,0.0
6ZER,2,af2,cons,521,P,P,0,-3.395280306170148,-3.6232914785232966,-0.2280111723531486,0.0,0.0,0.0
6ZER,2,af2,cons,522,A,A,0,-2.24631953438452,-1.3140649158935538,0.9322546184909661,0.0,0.0,0.0
6ZER,2,af2,cons,523,T,T,0,-4.392441132571415,-4.3223678511728565,0.0700732813985585,0.0,0.0,0.0
6ZER,2,af2,cons,524,V,V,0,-5.257243076328336,-5.820681100621319,-0.5634380242929824,0.0,0.0,0.0
6ZER,2,af2,cons,525,C,C,0,-2.2245196683721797,-2.2723533394760747,-0.047833671103894915,0.0,0.0,0.0
6ZER,2,af2,cons,526,G,G,0,-0.762063983208801,-0.5700110477990019,0.19205293540979906,0.0,0.0,0.0
6ZER,2,af2,cons,527,P,P,0,-1.4325906561680224,-2.7328500974871166,-1.3002594413190942,0.0,0.0,0.0
6ZER,2,af2,cons,528,K,K,0,-1.392514317973808,0.29133649900085157,1.6838508169746595,0.2465621755912065,0.7748030540832388,0.5282408784920323
6ZER,2,af2,cons,529,K,K,0,-0.38117071125344365,-0.6164915298048839,-0.23532081855144021,0.0,0.0,0.0
6ZER,2,af2,cons,530,S,S,0,-2.56671290728806,-2.49618516754114,0.07052773974691995,0.0,0.0,0.0
6ZER,2,af2,cons,531,T,T,0,-2.7317975298941644,-2.6942688589361823,0.03752867095798207,0.0,0.0,0.0
6ZER,2,af2,cons,532,N,N,0,-0.23532844161674366,-0.054033841155100515,0.18129460046164314,0.0,0.0,0.0
6ZER,2,af2,cons,533,L,L,0,-0.46976779877025404,-0.45596347657728786,0.013804322192966179,0.0,0.0,0.0
6ZER,2,af2,cons,534,V,V,0,-1.27741513662684,-1.250126260194819,0.027288876432020936,0.0,0.0,0.0
6ZER,2,af2,cons,535,K,K,0,-0.8913488974521492,-0.86064616805898,0.030702729393169204,0.0,0.0,0.0
6ZER,2,af2,cons,536,N,N,0,-1.076298577851479,-1.0790303673999904,-0.0027317895485112764,0.0,0.0,0.0
6ZER,2,af2,cons,537,K,K,0,-1.0786548790870834,-0.9699406368087726,0.10871424227831072,0.0,0.0,0.0
6ZER,2,af2,cons,538,C,C,0,-0.9841150778741675,-0.4020256949707104,0.5820893829034571,0.0,0.0,0.0
6ZER,2,af2,cons,539,V,V,0,-2.9015115238906137,-3.231246010249586,-0.3297344863589724,0.0,0.0,0.0
6ZER,2,af2,cons,540,N,N,0,-3.9482153076947872,-4.126732139324469,-0.17851683162968168,0.0,0.0,0.0
6ZER,2,af2,cons,541,F,F,0,0.22025875412617654,0.11344137103580025,-0.10681738309037629,0.0,0.0,0.0
6ZER,2,af2,free,320,V,V,0,0.7190158332096117,0.924429543506061,0.20541371029644928,0.0,0.0,0.0
6ZER,2,af2,free,321,Q,Q,0,-0.3161749080244701,-0.22527117159459073,0.0909037364298794,0.0,0.0,0.0
6ZER,2,af2,free,322,P,P,0,-6.1475680628591345,-6.1201400612053005,0.027428001653833967,0.0,0.0,0.0
6ZER,2,af2,free,323,T,T,0,-0.6188028472572342,-0.6924831187299114,-0.0736802714726772,0.0,0.0,0.0
6ZER,2,af2,free,324,E,E,0,-2.840085830303367,-2.7479966821292914,0.09208914817407576,0.0,0.0,0.0
6ZER,2,af2,free,325,S,S,0,-1.354589937476873,-1.331473919482455,0.023116017994418092,0.0,0.0,0.0
6ZER,2,af2,free,326,I,I,0,-4.845748762187952,-4.847321929347234,-0.0015731671592815744,0.0,0.0,0.0
6ZER,2,af2,free,327,V,V,0,-3.2944211985605563,-3.0973641213120455,0.19705707724851074,0.0,0.0,0.0
6ZER,2,af2,free,328,R,R,0,-0.7324990341662085,-0.9151903608325179,-0.18269132666630938,0.0,0.0,0.0
6ZER,2,af2,free,329,F,F,0,-3.384103936024614,-3.826662713009495,-0.4425587769848809,0.0,0.0,0.0
6ZER,2,af2,free,330,P,P,0,-5.222126920016113,-4.987003219106413,0.2351237009097007,0.0,0.0,0.0
6ZER,2,af2,free,331,N,N,0,0.04392780769268642,-0.1447213967240924,-0.18864920441677882,0.0,0.0,0.0
6ZER,2,af2,free,332,I,I,0,-4.173091694601718,-3.550586727835195,0.622504966766523,0.0,0.0,0.0
6ZER,2,af2,free,333,T,T,0,-0.3897278421036252,-0.8601208914056861,-0.47039304930206094,0.0,0.0,0.0
6ZER,2,af2,free,334,N,N,0,-2.125308229570475,-2.037517658855493,0.08779057071498197,0.0,0.0,0.0
6ZER,2,af2,free,335,L,L,0,-0.3566509973130787,-0.9685964823135953,-0.6119454850005166,0.0,0.0,0.0
6ZER,2,af2,free,336,C,C,0,-2.3574513358589373,-3.0893043724329217,-0.7318530365739844,0.0,0.0,0.0
6ZER,2,af2,free,337,P,P,0,-2.7121531949883604,-3.0713761335234593,-0.3592229385350989,0.0,0.0,0.0
6ZER,2,af2,free,338,F,F,0,-5.143262472375265,-4.936052814591348,0.20720965778391687,0.0,0.0,0.0
6ZER,2,af2,free,339,G,D,1,-0.4419608537880329,-2.447726974840685,-2.005766121052652,0.0,0.0,0.0
6ZER,2,af2,free,340,E,E,0,-2.0077651176215876,-2.0597287130038477,-0.05196359538226014,0.0,0.0,0.0
6ZER,2,af2,free,341,V,V,0,-3.221924314497966,-3.2656476331269895,-0.043723318629023566,0.0,0.0,0.0
6ZER,2,af2,free,342,F,F,0,-5.535733159041894,-4.477864390999802,1.0578687680420922,0.0,0.0,0.0
6ZER,2,af2,free,343,N,N,0,-2.214131892180887,-2.183087001254005,0.031044890926882118,0.0,0.0,0.0
6ZER,2,af2,free,344,A,A,0,-2.2873834520182657,-2.2918141281350217,-0.0044306761167560715,0.0,0.0,0.0
6ZER,2,af2,free,345,T,T,0,-0.6074974090883181,-0.6454956423975,-0.03799823330918195,0.0,0.0,0.0
6ZER,2,af2,free,346,R,R,0,-0.12756948744227464,-0.4007846367462013,-0.27321514930392665,0.0,0.0,0.0
6ZER,2,af2,free,347,F,F,0,-0.46299209663033053,-0.9785821306051377,-0.5155900339748072,0.0,0.0,0.0
6ZER,2,af2,free,348,A,A,0,-1.1738786723594608,-1.4261337990862117,-0.252255126726751,0.0,0.0,0.0
6ZER,2,af2,free,349,S,S,0,-3.156402101751934,-2.9379768838061673,0.21842521794576664,0.0,0.0,0.0
6ZER,2,af2,free,350,V,V,0,-1.6243880676652813,-1.5043482345504233,0.120039833114858,0.0,0.0,0.0
6ZER,2,af2,free,351,Y,Y,0,-2.708716098164212,-2.752115179233877,-0.043399081069664724,0.0,0.0,0.0
6ZER,2,af2,free,352,A,A,0,-1.3183540796392266,-1.505280385799778,-0.1869263061605515,0.0,0.0,0.0
6ZER,2,af2,free,353,W,W,0,-2.974030057964861,-2.0897000712345153,0.8843299867303456,0.0,0.0,0.0
6ZER,2,af2,free,354,N,N,0,-2.3779014717531157,-1.6272993050530085,0.7506021667001073,0.0,0.0,0.0
6ZER,2,af2,free,355,R,R,0,-2.4702736994009418,-2.555132906738558,-0.0848592073376162,0.0,0.0,0.0
6ZER,2,af2,free,356,K,K,0,-2.1412796207587155,-3.5050804370636652,-1.3638008163049498,0.0,0.0,0.0
6ZER,2,af2,free,357,R,R,0,-2.2472310115855034,-2.2406279788866574,0.00660303269884599,0.0,0.0,0.0
6ZER,2,af2,free,358,I,I,0,-4.952104004899196,-5.03209469964804,-0.0799906947488438,0.0,0.0,0.0
6ZER,2,af2,free,359,S,S,0,-2.6206037883841855,-2.409274446980799,0.21132934140338655,0.0,0.0,0.0
6ZER,2,af2,free,360,N,N,0,-1.881268610541023,-2.8111646665734944,-0.9298960560324714,0.0,0.0,0.0
6ZER,2,af2,free,361,C,C,0,-3.6009957205154763,-4.048101849039222,-0.44710612852374565,0.0,0.0,0.0
6ZER,2,af2,free,362,V,V,0,-4.752742644566496,-5.406131968187569,-0.6533893236210728,0.0,0.0,0.0
6ZER,2,af2,free,363,A,A,0,-1.8937603665317084,-2.849775309538441,-0.9560149430067324,0.0,0.0,0.0
6ZER,2,af2,free,364,D,D,0,-4.623332484408417,-5.546965766941563,-0.9236332825331459,0.0,0.0,0.0
6ZER,2,af2,free,365,Y,Y,0,-7.96128208373455,-6.903952645527869,1.057329438206681,0.0012231523801875606,-4.044881207043022e-07,-0.001223556868308265
6ZER,2,af2,free,366,S,S,0,-4.365228327211765,-4.486165199485608,-0.12093687227384287,-0.1543464874244645,-0.0532440791129278,0.10110240831153669
6ZER,2,af2,free,367,V,V,0,1.9864145671527196,1.5328805318311618,-0.4535340353215578,0.0,0.0,0.0
6ZER,2,af2,free,368,L,L,0,-5.802088799654993,-6.204523506399964,-0.4024347067449705,0.0,-0.001444625450985745,-0.001444625450985745
6ZER,2,af2,free,369,Y,Y,0,-2.8783461371021306,-2.9933424173403096,-0.11499628023817898,-1.2402064809304358,-1.610798489145411,-0.3705920082149752
6ZER,2,af2,free,370,N,N,0,-2.5796294901433514,-1.3236879838321571,1.2559415063111943,-1.2006390132048979,0.07699694077076147,1.2776359539756594
6ZER,2,af2,free,371,S,L,1,-2.5019343841444055,-5.05844898015222,-2.5565145960078146,0.0,-0.03696485648873402,-0.03696485648873402
6ZER,2,af2,free,372,A,A,0,1.7724520797650882,-1.841466355306486,-3.6139184350715743,0.0,-3.8142854639787975,-3.8142854639787975
6ZER,2,af2,free,373,S,P,1,-3.018331180187152,-3.238580072086571,-0.22024889189941899,0.0,-0.39410988696606,-0.39410988696606
6ZER,2,af2,free,374,F,F,0,-2.027386822778944,1.0140095098265096,3.0413963326054536,0.0,0.12773211667096243,0.12773211667096243
6ZER,2,af2,free,375,S,F,1,-0.30751608217658466,-0.6906344080701379,-0.3831183258935532,-8.43406108666598e-06,-1.0238036637004577,-1.023795229639371
6ZER,2,af2,free,376,T,T,0,-2.397305867504424,-2.201615294340402,0.19569057316402194,-1.9474980613670353e-05,0.042729171393525014,0.04274864637413869
6ZER,2,af2,free,377,F,F,0,-0.33512642232910284,-2.2569893622961366,-1.9218629399670337,-0.6724455400603853,-2.9027376584020077,-2.230292118341622
6ZER,2,af2,free,378,K,K,0,-4.8656898363279835,-5.255300550860268,-0.38961071453228424,-5.028168536008111,-7.870122767830693,-2.841954231822582
6ZER,2,af2,free,379,C,C,0,-3.241688906984225,-2.314636373064223,0.9270525339200018,-4.483643330088899,-3.245093322303693,1.2385500077852063
6ZER,2,af2,free,380,Y,Y,0,-5.812815475285676,-5.2887655765054475,0.5240498987802287,-5.507885772713818,-5.294878102911872,0.21300766980194652
6ZER,2,af2,free,381,G,G,0,-4.614749368360267,-3.8913712529696487,0.7233781153906187,-4.566877921850507,-3.0356476238218915,1.5312302980286154
6ZER,2,af2,free,382,V,V,0,-2.8497405159526865,-2.9467056079916474,-0.09696509203896087,-3.725558849321696,-4.0638961718204545,-0.3383373224987585
6ZER,2,af2,free,383,S,S,0,-2.1496396331289964,-1.3206563976697314,0.828983235459265,-2.906462712077602,-1.388115963288116,1.5183467487894862
6ZER,2,af2,free,384,P,P,0,-4.721495304139166,-6.757894037494854,-2.0363987333556874,-2.2786514802881914,-2.153876369425775,0.12477511086241622
6ZER,2,af2,free,385,T,T,0,-3.076247378280096,-1.3232867272404487,1.7529606510396474,-9.29335707077022,-5.810028471050229,3.483328599719991
6ZER,2,af2,free,386,K,K,0,-3.350292105761912,-3.595614677639965,-0.24532257187805273,-4.438839981332466,-5.301694444394553,-0.8628544630620869
6ZER,2,af2,free,387,L,L,0,-4.570225615125253,-4.60405337696494,-0.03382776183968694,-2.4514545806079697e-05,-0.00487888426115816,-0.00485436971535208
6ZER,2,af2,free,388,N,N,0,-1.487110037694486,-1.5537911917559133,-0.06668115406142738,0.13771994279601987,0.07088826567272723,-0.06683167712329265
6ZER,2,af2,free,389,D,D,0,-3.4676536017344937,-2.738150092113768,0.7295035096207259,-0.32618157802650083,-0.35744276992994933,-0.031261191903448504
6ZER,2,af2,free,390,L,L,0,-4.329096705424961,-5.157113863929964,-0.8280171585050029,-4.136930551229521,-3.980084681074102,0.15684587015541895
6ZER,2,af2,free,391,C,C,0,-1.6530688073259048,-0.20889669570306307,1.4441721116228416,-0.1198451374700928,-0.0812949738266575,0.0385501636434353
6ZER,2,af2,free,392,F,F,0,-9.288934217990803,-9.38603895464817,-0.09710473665736608,-1.0864168444216333,-1.169090724697102,-0.08267388027546874
6ZER,2,af2,free,393,T,T,0,-2.8068331014610406,-4.099869950528619,-1.2930368490675788,0.0,0.0,0.0
6ZER,2,af2,free,394,N,N,0,-3.6076731240782123,-3.981102228388474,-0.37342910431026155,0.0,0.0,0.0
6ZER,2,af2,free,395,V,V,0,-6.439466316286334,-6.493471499798082,-0.05400518351174721,0.0,0.0,0.0
6ZER,2,af2,free,396,Y,Y,0,-5.137835487714734,-5.698961228321263,-0.5611257406065286,0.0,0.0,0.0
6ZER,2,af2,free,397,A,A,0,-3.1905228852486665,-3.0064736242228287,0.18404926102583774,0.0,0.0,0.0
6ZER,2,af2,free,398,D,D,0,-7.1483705573404315,-7.912020338876383,-0.7636497815359515,0.0,0.0,0.0
6ZER,2,af2,free,399,S,S,0,-4.735076907310909,-4.2825754161822,0.4525014911287091,0.0,0.0,0.0
6ZER,2,af2,free,400,F,F,0,-8.03546274916816,-8.217239724196023,-0.18177697502786394,0.0,0.0,0.0
6ZER,2,af2,free,401,V,V,0,-5.175913783082854,-4.6231626394123735,0.5527511436704806,0.0,0.0,0.0
6ZER,2,af2,free,402,I,I,0,-6.3702160283080485,-6.363352008428752,0.0068640198792966345,0.0,0.0,0.0
6ZER,2,af2,free,403,R,R,0,-4.486674947033063,-4.368087347594388,0.11858759943867536,0.0,0.0,0.0
6ZER,2,af2,free,404,G,G,0,-0.42041466267349625,-1.0103379218735977,-0.5899232592001015,0.0,0.0,0.0
6ZER,2,af2,free,405,D,D,0,-3.5242231282460947,-3.576678515355943,-0.05245538710984832,0.0,0.0,0.0
6ZER,2,af2,free,406,E,E,0,-6.48654077953276,-8.777983935823327,-2.2914431562905673,0.0,0.0,0.0
6ZER,2,af2,free,407,V,V,0,-2.5020060501451793,-2.448348394835679,0.053657655309500285,0.0,0.0,0.0
6ZER,2,af2,free,408,R,R,0,0.1807056864982956,0.28473187495430097,0.10402618845600536,-0.002615126095530067,-0.23681970134251987,-0.2342045752469898
6ZER,2,af2,free,409,Q,Q,0,-6.831690556970412,-7.416290569897855,-0.5846000129274431,-2.238731070359698e-05,-4.200712656193817e-09,2.2383109990940786e-05
6ZER,2,af2,free,410,I,I,0,-3.864854448473645,-3.734540905338717,0.13031354313492827,0.0,0.0,0.0
6ZER,2,af2,free,411,A,A,0,-0.8636260426543654,-0.7923292476604014,0.07129679499396402,-0.0012832458366909601,-0.00045699477681905576,0.0008262510598719044
6ZER,2,af2,free,412,P,P,0,-6.4470772208807094,-5.912491339322996,0.5345858815577138,-0.7777503723552911,-0.5161783737742731,0.261571998581018
6ZER,2,af2,free,413,G,G,0,-2.6261494659024454,-2.4678346197483543,0.15831484615409108,-1.257709056106668,-0.6213472573979493,0.6363617987087187
6ZER,2,af2,free,414,Q,Q,0,-4.660305190618656,-3.7634019743285854,0.8969032162900707,-2.6720871125516252,-2.8926394054554097,-0.22055229290378442
6ZER,2,af2,free,415,T,T,0,-1.3506294181311336,-1.3586218103006757,-0.007992392169542173,-0.002995719292978191,-0.01411663759838877,-0.01112091830541058
6ZER,2,af2,free,416,G,G,0,-3.2629470277775416,-3.3799564758809413,-0.11700944810339964,0.0,0.0,0.0
6ZER,2,af2,free,417,K,N,1,-0.3937917561728669,-0.19384857005554534,0.19994318611732154,0.0,0.0,0.0
6ZER,2,af2,free,418,I,I,0,-6.035153745242957,-6.639240963620294,-0.6040872183773365,0.0,0.0,0.0
6ZER,2,af2,free,419,A,A,0,-1.8268180411619783,-2.263655430984079,-0.43683738982210074,0.0,0.0,0.0
6ZER,2,af2,free,420,D,D,0,-8.099447056502449,-7.663145382870227,0.4363016736322214,0.0,0.0,0.0
6ZER,2,af2,free,421,Y,Y,0,-1.232105471421567,-2.2159440524809364,-0.9838385810593695,0.0,0.0,0.0
6ZER,2,af2,free,422,N,N,0,-4.534565650512284,-4.682371111964052,-0.14780546145176832,0.0,0.0,0.0
6ZER,2,af2,free,423,Y,Y,0,-5.262007788661366,-5.601108638715275,-0.3391008500539092,0.0,0.0,0.0
6ZER,2,af2,free,424,K,K,0,-4.052046338714855,-2.7820473240620918,1.2699990146527633,0.0,0.0,0.0
6ZER,2,af2,free,425,L,L,0,-5.6358014710828055,-6.840712323674983,-1.2049108525921772,0.0,-1.2288094692562007e-07,-1.2288094692562007e-07
6ZER,2,af2,free,426,P,P,0,-5.414393279391413,-5.5675939066722755,-0.1532006272808628,0.1927656741759191,0.23060193114627486,0.03783625697035575
6ZER,2,af2,free,427,D,D,0,-1.893018012663155,-1.5406273664503842,0.35239064621277083,-1.5213595325301066,-1.3360776841713609,0.18528184835874573
6ZER,2,af2,free,428,D,D,0,-2.387356226530926,-2.3313585850350558,0.055997641495870276,-3.4679737640827533,-3.381378657967251,0.08659510611550214
6ZER,2,af2,free,429,F,F,0,-5.338971400439779,-5.548671559361644,-0.20970015892186478,-2.7963307512743745,-2.7781254767943997,0.018205274479974776
6ZER,2,af2,free,430,T,T,0,-4.319915875170323,-3.5491004208864356,0.7708154542838872,-0.7968259773378366,-0.5002293951892891,0.29659658214854745
6ZER,2,af2,free,431,G,G,0,-5.162908786096174,-4.2637988987593545,0.8991098873368193,0.00828552336530914,0.008979766319146487,0.0006942429538373471
6ZER,2,af2,free,432,C,C,0,-2.7599421085877447,-2.3293295802270393,0.4306125283607054,-0.009183129687587211,-0.0766015814411909,-0.0674184517536037
6ZER,2,af2,free,433,V,V,0,-6.225905704072676,-5.731983525039025,0.49392217903365054,-1.0166699216798865e-05,1.3700173971811316e-05,2.386687318861018e-05
6ZER,2,af2,free,434,I,I,0,-8.116099043919482,-6.911807003352363,1.2042920405671182,0.0,0.0,0.0
6ZER,2,af2,free,435,A,A,0,-7.23240283383659,-5.845297640013841,1.3871051938227499,0.0,0.0,0.0
6ZER,2,af2,free,436,W,W,0,-4.443979384100445,-5.1338920286709735,-0.6899126445705281,0.0,0.0,0.0
6ZER,2,af2,free,437,N,N,0,-2.8581736033872094,-3.3703108941209217,-0.5121372907337123,0.0,0.0,0.0
6ZER,2,af2,free,438,S,S,0,-4.362632398021763,-4.18914114736722,0.17349125065454274,0.0,0.0,0.0
6ZER,2,af2,free,439,N,N,0,-1.3486411181622429,-1.410883319239666,-0.062242201077423065,0.0,0.0,0.0
6ZER,2,af2,free,440,N,K,1,-0.1280933519732187,-0.18512374855995553,-0.05703039658673684,0.0,0.0,0.0
6ZER,2,af2,free,441,L,L,0,0.32526214324890357,0.057195307508263245,-0.26806683574064033,0.0,0.0,0.0
6ZER,2,af2,free,442,D,D,0,-9.276951197357912,-9.450188161614514,-0.17323696425660273,0.0,0.0,0.0
6ZER,2,af2,free,443,S,S,0,-1.9440053799890635,-2.265048660365082,-0.32104328037601837,0.0,0.0,0.0
6ZER,2,af2,free,444,K,K,0,-2.6278741227039935,-1.2531509403951484,1.374723182308845,0.0,0.0,0.0
6ZER,2,af2,free,445,V,V,0,1.5148783395301164,1.100648551870943,-0.4142297876591734,0.0,0.0,0.0
6ZER,2,af2,free,446,G,S,1,-3.412532848389679,-1.1445874126606224,2.2679454357290565,0.0,0.0,0.0
6ZER,2,af2,free,447,G,G,0,-3.5263524288900707,-3.087457351629364,0.43889507726070676,0.0,0.0,0.0
6ZER,2,af2,free,448,N,N,0,-4.650753429833424,-3.1807015363778492,1.4700518934555746,0.0,0.0,0.0
6ZER,2,af2,free,449,Y,Y,0,-1.5163983114350619,-0.579301064591037,0.9370972468440248,0.0,0.0,0.0
6ZER,2,af2,free,450,N,N,0,-0.9927837130876379,-1.4424301596754814,-0.4496464465878435,0.0,0.0,0.0
6ZER,2,af2,free,451,Y,Y,0,-4.345586464035044,-5.803877940953016,-1.4582914769179718,0.0,0.0,0.0
6ZER,2,af2,free,452,L,L,0,-3.725124202409375,-3.2952245027624194,0.42989969964695574,0.0,0.0,0.0
6ZER,2,af2,free,453,Y,Y,0,-6.781779801558631,-5.614568508495969,1.1672112930626621,0.0,0.0,0.0
6ZER,2,af2,free,454,R,R,0,-5.305637416024038,-5.567071977631648,-0.2614345616076097,0.0,0.0,0.0
6ZER,2,af2,free,455,L,L,0,-2.6909073726953863,-1.646435770619727,1.0444716020756593,0.0,0.0,0.0
6ZER,2,af2,free,456,F,F,0,-4.6795272559076135,-4.486991734196719,0.1925355217108944,0.0,0.0,0.0
6ZER,2,af2,free,457,R,R,0,-1.617385711454021,-1.0724643228564352,0.5449213885975859,0.0,0.0,0.0
6ZER,2,af2,free,458,K,K,0,-1.7243393042495747,-1.5388956460593706,0.18544365819020414,0.0,0.0,0.0
6ZER,2,af2,free,459,S,S,0,-1.8856542833536873,-1.8447819772801428,0.04087230607354453,0.0,0.0,0.0
6ZER,2,af2,free,460,N,N,0,-1.336216548900716,-1.2798933108542283,0.056323238046487756,0.0,0.0,0.0
6ZER,2,af2,free,461,L,L,0,-4.302780322045264,-3.6531913317400884,0.6495889903051753,0.0,0.0,0.0
6ZER,2,af2,free,462,K,K,0,-2.731735667598208,-2.6833105074550616,0.04842516014314624,0.0,0.0,0.0
6ZER,2,af2,free,463,P,P,0,-4.721546361834847,-4.9979800915448065,-0.27643372970995905,0.0,0.0,0.0
6ZER,2,af2,free,464,F,F,0,-1.571664330236881,-1.7289688318974392,-0.15730450166055832,0.0,0.0,0.0
6ZER,2,af2,free,465,E,E,0,-5.112037031557135,-4.997425883700004,0.114611147857131,0.0,0.0,0.0
6ZER,2,af2,free,466,R,R,0,-0.8408997136596901,-1.0009303135770993,-0.1600305999174092,0.0,0.0,0.0
6ZER,2,af2,free,467,D,D,0,-5.321440188722579,-4.668066478627298,0.6533737100952806,0.0,0.0,0.0
6ZER,2,af2,free,468,I,I,0,1.004720611030881,0.9011184732163513,-0.10360213781452976,0.0,0.0,0.0
6ZER,2,af2,free,469,S,S,0,-3.5789266222041585,-3.3976292522141196,0.18129736999003887,0.0,0.0,0.0
6ZER,2,af2,free,470,T,T,0,-1.2266840260815157,-1.2511997558148849,-0.02451572973336913,0.0,0.0,0.0
6ZER,2,af2,free,471,E,E,0,-3.3704127929822594,-3.4559498856992885,-0.08553709271702914,0.0,0.0,0.0
6ZER,2,af2,free,472,I,I,0,-2.915375921221642,-3.401155729817927,-0.485779808596285,0.0,0.0,0.0
6ZER,2,af2,free,473,Y,Y,0,-5.0702702456195405,-5.03557001158658,0.034700234032960964,0.0,0.0,0.0
6ZER,2,af2,free,474,Q,Q,0,-2.3334459752876358,-2.967601172539604,-0.6341551972519683,0.0,0.0,0.0
6ZER,2,af2,free,475,A,A,0,-1.1015983637175621,-1.508218723522568,-0.40662035980500577,0.0,0.0,0.0
6ZER,2,af2,free,476,G,G,0,-0.3846751586581175,-0.010718441773711895,0.3739567168844056,0.0,0.0,0.0
6ZER,2,af2,free,477,S,N,1,-0.5784227439713899,0.40345495760548833,0.9818777015768783,0.0,0.0,0.0
6ZER,2,af2,free,478,T,K,1,0.343105402020735,0.4478938588005526,0.10478845677981763,0.0,0.0,0.0
6ZER,2,af2,free,479,P,P,0,-4.8252418992101305,-3.8049510069585044,1.020290892251626,0.0,0.0,0.0
6ZER,2,af2,free,480,C,C,0,1.0849538625728283,-0.5578267705380158,-1.642780633110844,0.0,0.0,0.0
6ZER,2,af2,free,481,N,N,0,-0.04398677433593845,-1.0710827107813377,-1.027095936445399,0.0,0.0,0.0
6ZER,2,af2,free,482,G,G,0,-2.553999040945207,-2.07363135322002,0.4803676877251868,0.0,0.0,0.0
6ZER,2,af2,free,483,V,V,0,1.9182708875574603,-0.9686689601684383,-2.8869398477258987,0.0,0.0,0.0
6ZER,2,af2,free,484,E,A,1,-0.7049184165266369,-1.8358225411031166,-1.1309041245764797,0.0,0.0,0.0
6ZER,2,af2,free,485,G,G,0,-1.5960432683557177,-2.790240166710919,-1.1941968983552014,0.0,0.0,0.0
6ZER,2,af2,free,486,F,F,0,2.439955427466184,3.42085660449972,0.9809011770335361,0.0,0.0,0.0
6ZER,2,af2,free,487,N,N,0,-4.412621695104162,-4.698124800335359,-0.2855031052311965,0.0,0.0,0.0
6ZER,2,af2,free,488,C,C,0,-1.5578814491717181,-1.5316897606883542,0.02619168848336395,0.0,0.0,0.0
6ZER,2,af2,free,489,Y,Y,0,-4.936777584919319,-3.789572571019529,1.1472050138997902,0.0,0.0,0.0
6ZER,2,af2,free,490,F,F,0,1.0631902000007536,1.537359947363024,0.47416974736227036,0.0,0.0,0.0
6ZER,2,af2,free,491,P,P,0,-7.267629146933176,-7.529622991458197,-0.26199384452502095,0.0,0.0,0.0
6ZER,2,af2,free,492,L,L,0,-4.79010653961743,-5.593713050372379,-0.8036065107549497,0.0,0.0,0.0
6ZER,2,af2,free,493,Q,R,1,-4.01915516713212,-3.748567412245296,0.2705877548868241,0.0,0.0,0.0
6ZER,2,af2,free,494,S,S,0,-2.211849192425108,-0.8239677158211047,1.387881476604003,0.0,0.0,0.0
6ZER,2,af2,free,495,Y,Y,0,-4.951672909619127,-4.776037807931855,0.1756351016872717,0.0,0.0,0.0
6ZER,2,af2,free,496,G,S,1,-1.8262442909395353,-1.0166100238233189,0.8096342671162164,0.0,0.0,0.0
6ZER,2,af2,free,497,F,F,0,-6.144189575110877,-6.15865680250849,-0.014467227397612525,0.0,0.0,0.0
6ZER,2,af2,free,498,Q,R,1,-0.9868674145141983,-1.0163879316332252,-0.029520517119026812,0.0,0.0,0.0
6ZER,2,af2,free,499,P,P,0,-3.7368894164192303,-3.84011363482651,-0.1032242184072798,0.0,0.0,0.0
6ZER,2,af2,free,500,T,T,0,0.7471253846164019,0.5009526650547295,-0.24617271956167242,0.0,0.0,0.0
6ZER,2,af2,free,501,N,Y,1,-2.4387980932029087,-1.2652236223451436,1.1735744708577651,0.0,0.0,0.0
6ZER,2,af2,free,502,G,G,0,0.6148007851477248,0.551888216781758,-0.06291256836596681,0.0,0.0,0.0
6ZER,2,af2,free,503,V,V,0,1.3228603479122096,1.5943701493644653,0.2715098014522557,0.0,0.0,0.0
6ZER,2,af2,free,504,G,G,0,-2.0476656125262416,-1.5491733834879629,0.4984922290382787,0.0,0.0,0.0
6ZER,2,af2,free,505,Y,H,1,-1.3824475293156913,-2.7005735645555573,-1.318126035239866,0.0,0.0,0.0
6ZER,2,af2,free,506,Q,Q,0,-6.0201328818236775,-5.91391198166567,0.10622090015800723,0.0,0.0,0.0
6ZER,2,af2,free,507,P,P,0,-7.382193587347128,-7.561653436520441,-0.1794598491733126,0.0,0.0,0.0
6ZER,2,af2,free,508,Y,Y,0,-3.3141354957731664,-3.3980583767865444,-0.08392288101337808,0.0,0.0,0.0
6ZER,2,af2,free,509,R,R,0,-7.287275398543689,-7.101918123782898,0.18535727476079078,0.0,0.0,0.0
6ZER,2,af2,free,510,V,V,0,-6.6553475105240025,-7.053614465313037,-0.39826695478903407,0.0,0.0,0.0
6ZER,2,af2,free,511,V,V,0,-7.099808317063035,-7.125390875640553,-0.025582558577518455,0.0,0.0,0.0
6ZER,2,af2,free,512,V,V,0,-6.9130524092653385,-7.242514262474868,-0.3294618532095299,0.0,0.0,0.0
6ZER,2,af2,free,513,L,L,0,-6.702491073138135,-6.36039615766627,0.3420949154718649,0.0,0.0,0.0
6ZER,2,af2,free,514,S,S,0,-3.8334039455504954,-3.864186077547961,-0.03078213199746571,0.0,0.0,0.0
6ZER,2,af2,free,515,F,F,0,-4.50793869599102,-5.344384987880621,-0.836446291889601,0.006048184487607432,0.0042315175002794764,-0.0018166669873279553
6ZER,2,af2,free,516,E,E,0,-5.26193580681032,-5.568174059736586,-0.30623825292626616,0.0,0.0,0.0
6ZER,2,af2,free,517,L,L,0,0.15514902968472566,0.5728047182135533,0.4176556885288276,-1.8961186234382434,-1.284231348143775,0.6118872752944684
6ZER,2,af2,free,518,L,L,0,1.9020715432660302,0.20078388665789315,-1.701287656608137,0.022685377281916635,0.0,-0.022685377281916635
6ZER,2,af2,free,519,H,H,0,-0.06583064506051817,1.2429213147323415,1.3087519597928596,0.0,0.0,0.0
6ZER,2,af2,free,520,A,A,0,0.0788423811665594,0.23383977590033267,0.15499739473377327,0.0,0.0,0.0
6ZER,2,af2,free,521,P,P,0,-3.1534585038561076,-3.7418820059202065,-0.5884235020640989,0.0,0.0,0.0
6ZER,2,af2,free,522,A,A,0,-2.1746773172606697,-1.800094498192945,0.3745828190677247,0.0,0.0,0.0
6ZER,2,af2,free,523,T,T,0,-4.230831206709137,-4.565535454859704,-0.3347042481505671,0.0,0.0,0.0
6ZER,2,af2,free,524,V,V,0,-5.783585822053442,-5.271990953122623,0.5115948689308185,0.0,0.0,0.0
6ZER,2,af2,free,525,C,C,0,-2.6190146419555584,-1.7984333167257327,0.8205813252298257,0.0,0.0,0.0
6ZER,2,af2,free,526,G,G,0,-1.8535705158567028,-1.095723238924992,0.7578472769317108,0.0,0.0,0.0
6ZER,2,af2,free,527,P,P,0,-1.9684166964144985,-3.7172704717656013,-1.7488537753511029,0.0,0.0,0.0
6ZER,2,af2,free,528,K,K,0,-2.8526381907396754,-2.3844635535261545,0.46817463721352093,0.09419476651879952,-2.2484962088749512e-05,-0.09421725148088826
6ZER,2,af2,free,529,K,K,0,-0.7954138102566428,-0.9092287894117278,-0.11381497915508498,0.0,0.0,0.0
6ZER,2,af2,free,530,S,S,0,-2.863574496742982,-2.1769811452747483,0.6865933514682339,0.0,0.0,0.0
6ZER,2,af2,free,531,T,T,0,-2.3499691995697005,-2.586825630291115,-0.2368564307214145,0.0,0.0,0.0
6ZER,2,af2,free,532,N,N,0,-0.3321659076340602,-0.31355795753997356,0.01860795009408661,0.0,0.0,0.0
6ZER,2,af2,free,533,L,L,0,-1.2458226184227776,-1.2812661537904022,-0.03544353536762457,0.0,0.0,0.0
6ZER,2,af2,free,534,V,V,0,-1.8785833893957182,-1.780566949043024,0.09801644035269419,0.0,0.0,0.0
6ZER,2,af2,free,535,K,K,0,-0.37328537315885035,-0.21962704597779945,0.1536583271810509,0.0,0.0,0.0
6ZER,2,af2,free,536,N,N,0,-1.024307646148402,-1.0318209840920787,-0.007513337943676701,0.0,0.0,0.0
6ZER,2,af2,free,537,K,K,0,-2.024726039116699,-2.057405280626584,-0.03267924150988488,0.0,0.0,0.0
6ZER,2,af2,free,538,C,C,0,-1.63283819974276,-1.6880634978541558,-0.05522529811139587,0.0,0.0,0.0
6ZER,2,af2,free,539,V,V,0,-2.773401427125362,-3.102387983921501,-0.328986556796139,0.0,0.0,0.0
6ZER,2,af2,free,540,N,N,0,-3.6282952193978883,-3.623459230683916,0.0048359887139723945,0.0,0.0,0.0
6ZER,2,af2,free,541,F,F,0,0.4488997657866322,0.14723747669514203,-0.3016622890914902,0.0,0.0,0.0
