pdb,antibody,method,constrained,site,wt,om,mutated,wt_tot,om_tot,d_tot,wt_int,om_int,d_int
7LSS,1,rpk,cons,319,R,R,0,0.7383482087030067,0.7407821164789475,0.00243390777594088,0.0,0.0,0.0
7LSS,1,rpk,cons,320,V,V,0,-0.5349699229376981,-0.5357691303288666,-0.000799207391168566,0.0,0.0,0.0
7LSS,1,rpk,cons,321,Q,Q,0,-1.214194717301977,-1.2218797075909877,-0.007684990289010818,0.0,0.0,0.0
7LSS,1,rpk,cons,322,P,P,0,-5.65861025767772,-5.672349647449071,-0.013739389771350474,0.0,0.0,0.0
7LSS,1,rpk,cons,323,T,T,0,-1.51001826597975,-1.5070505543443797,0.0029677116353703514,0.0,0.0,0.0
7LSS,1,rpk,cons,324,E,E,0,-1.3441109889628804,-1.3454713407617735,-0.0013603517988931557,0.0,0.0,0.0
7LSS,1,rpk,cons,325,S,S,0,-0.9519185845629301,-0.9643611830306068,-0.012442598467676702,0.0,0.0,0.0
7LSS,1,rpk,cons,326,I,I,0,-4.32098127113481,-4.323109848444519,-0.0021285773097083904,0.0,0.0,0.0
7LSS,1,rpk,cons,327,V,V,0,-4.920505006482491,-4.905945712872181,0.014559293610310498,0.0,0.0,0.0
7LSS,1,rpk,cons,328,R,R,0,-1.6342010121068338,-1.6327613532253717,0.0014396588814620248,0.0,0.0,0.0
7LSS,1,rpk,cons,329,F,F,0,-1.5895384753441746,-1.566688823260951,0.022849652083223537,0.0,0.0,0.0
7LSS,1,rpk,cons,330,P,P,0,-6.073241266028997,-6.104069021318352,-0.030827755289354997,0.0,0.0,0.0
7LSS,1,rpk,cons,331,N,N,0,-1.0431328010366825,-1.027251154340672,0.015881646696010554,0.0,0.0,0.0
7LSS,1,rpk,cons,332,I,I,0,-1.813935907821844,-1.8304606755299535,-0.01652476770810951,0.0,0.0,0.0
7LSS,1,rpk,cons,333,T,T,0,0.02091744065275916,0.011336696241389888,-0.009580744411369274,0.0,0.0,0.0
7LSS,1,rpk,cons,334,N,N,0,-1.7951031374127862,-1.8068108426285765,-0.011707705215790343,0.0,0.0,0.0
7LSS,1,rpk,cons,335,L,L,0,-0.7521739352327901,-0.7408421308500543,0.011331804382735733,0.0,0.0,0.0
7LSS,1,rpk,cons,336,C,C,0,-2.557471181822395,-2.521848412353626,0.03562276946876919,0.0,0.0,0.0
7LSS,1,rpk,cons,337,P,P,0,-3.732618304373918,-3.733714230996553,-0.001095926622634913,0.0,0.0,0.0
7LSS,1,rpk,cons,338,F,F,0,-4.139603747692412,-4.096749052788153,0.04285469490425875,0.0,0.0,0.0
7LSS,1,rpk,cons,339,G,D,1,-0.3872116340401732,-2.616372658062631,-2.229161024022458,0.0,0.0,0.0
7LSS,1,rpk,cons,340,E,E,0,-1.7351687401578795,-2.149322627283788,-0.4141538871259087,0.0,0.0,0.0
7LSS,1,rpk,cons,341,V,V,0,-1.0469220638446664,-1.0198509005129133,0.02707116333175308,0.0,0.0,0.0
7LSS,1,rpk,cons,342,F,F,0,-3.51556140660281,-3.566889913285918,-0.05132850668310818,0.0,0.0,0.0
7LSS,1,rpk,cons,343,N,N,0,-1.9676832539311628,-2.001565455628894,-0.03388220169773115,0.0,0.0,0.0
7LSS,1,rpk,cons,344,A,A,0,-1.809203010511344,-1.7850150003241485,0.024188010187195408,-0.010452155915382195,-0.006063007942814507,0.004389147972567688
7LSS,1,rpk,cons,345,T,T,0,-0.3945358304102582,-0.3808779338241488,0.013657896586109386,-2.2338086040159597,-2.221175923966676,0.012632680049283529
7LSS,1,rpk,cons,346,R,R,0,0.04550644887384388,0.0327153417667846,-0.012791107107059274,-0.762010800319189,-0.7595607379557048,0.002450062363484218
7LSS,1,rpk,cons,347,F,F,0,-1.1209050178222686,-1.0840433557470601,0.03686166207520847,-1.756170246954773e-06,-1.8099944740028982e-06,-5.382422704812515e-08
7LSS,1,rpk,cons,348,A,A,0,-0.15875888623407403,-0.19748646337061465,-0.038727577136540625,0.0,0.0,0.0
7LSS,1,rpk,cons,349,S,S,0,-2.0621077222427027,-2.055737069736783,0.006370652505919505,0.0,0.0,0.0
7LSS,1,rpk,cons,350,V,V,0,0.04369054033930503,-0.02620714226897103,-0.06989768260827606,0.0,0.0,0.0
7LSS,1,rpk,cons,351,Y,Y,0,-2.6186365386569848,-2.640163463680648,-0.021526925023663157,0.0,0.0,0.0
7LSS,1,rpk,cons,352,A,A,0,-0.645831080917174,-0.6189355941115655,0.026895486805608493,0.0,0.0,0.0
7LSS,1,rpk,cons,353,W,W,0,-1.901546144007794,-1.9164662068149798,-0.014920062807185719,0.0,0.0,0.0
7LSS,1,rpk,cons,354,N,N,0,-0.5568478543657424,-0.5654623717018064,-0.008614517336063998,0.0,0.0,0.0
7LSS,1,rpk,cons,355,R,R,0,-2.4624035067907926,-2.4651854132593485,-0.002781906468555917,0.0,0.0,0.0
7LSS,1,rpk,cons,356,K,K,0,-3.444173635242288,-3.4309150160948834,0.013258619147404449,0.0,0.0,0.0
7LSS,1,rpk,cons,357,R,R,0,-0.5999271630516154,-0.6004133151827941,-0.000486152131178641,0.0,0.0,0.0
7LSS,1,rpk,cons,358,I,I,0,-5.669492931085327,-5.655409288601951,0.014083642483376124,0.0,0.0,0.0
7LSS,1,rpk,cons,359,S,S,0,-2.684690079777881,-2.682849351218083,0.0018407285597978884,0.0,0.0,0.0
7LSS,1,rpk,cons,360,N,N,0,-2.056026460600608,-2.09404452928839,-0.03801806868778179,0.0,0.0,0.0
7LSS,1,rpk,cons,361,C,C,0,-3.7206948073007227,-3.7172014405418996,0.0034933667588230577,0.0,0.0,0.0
7LSS,1,rpk,cons,362,V,V,0,-5.398270331744053,-5.350350725392488,0.04791960635156478,0.0,0.0,0.0
7LSS,1,rpk,cons,363,A,A,0,-3.2755541520759617,-3.3093218720045976,-0.03376771992863592,0.0,0.0,0.0
7LSS,1,rpk,cons,364,D,D,0,-4.60356843716243,-4.607042269621304,-0.0034738324588738934,0.0,0.0,0.0
7LSS,1,rpk,cons,365,Y,Y,0,-7.043503937929537,-7.0579568068069936,-0.01445286887745656,0.0,0.0,0.0
7LSS,1,rpk,cons,366,S,S,0,-4.470311398088559,-4.652542517256899,-0.1822311191683399,0.0,0.0,0.0
7LSS,1,rpk,cons,367,V,V,0,0.48513946924215906,0.5789920848745715,0.09385261563241248,0.0,0.0,0.0
7LSS,1,rpk,cons,368,L,L,0,-5.197939131253113,-5.154768939239577,0.04317019201353656,0.0,0.0,0.0
7LSS,1,rpk,cons,369,Y,Y,0,-0.17469162373865615,0.17138795065094015,0.3460795743895963,0.0,0.0,0.0
7LSS,1,rpk,cons,370,N,N,0,-1.1994594012511004,-1.3386224902272978,-0.13916308897619745,0.0,0.0,0.0
7LSS,1,rpk,cons,371,S,L,1,0.5746049365227097,0.7875687628397698,0.21296382631706012,0.0,0.0,0.0
7LSS,1,rpk,cons,372,A,A,0,1.9640059114723543,2.437116017400652,0.47311010592829783,0.0,0.0,0.0
7LSS,1,rpk,cons,373,S,P,1,-0.8350426403928782,-1.770085541784136,-0.9350429013912577,0.0,0.0,0.0
7LSS,1,rpk,cons,374,F,F,0,-1.321830012235437,-1.915118689431897,-0.5932886771964601,0.0,0.0,0.0
7LSS,1,rpk,cons,375,S,F,1,0.22522679847932064,2.562370279435517,2.3371434809561964,0.0,0.0,0.0
7LSS,1,rpk,cons,376,T,T,0,-1.8194037325180965,-1.8523149807302475,-0.03291124821215097,0.0,0.0,0.0
7LSS,1,rpk,cons,377,F,F,0,-1.5631642731591022,-1.4516917096277653,0.11147256353133694,0.0,0.0,0.0
7LSS,1,rpk,cons,378,K,K,0,-3.062049178175577,-3.0596362296313386,0.002412948544238347,0.0,0.0,0.0
7LSS,1,rpk,cons,379,C,C,0,-0.6800848673259423,-0.6672382514906939,0.012846615835248376,0.0,0.0,0.0
7LSS,1,rpk,cons,380,Y,Y,0,-5.575825189904182,-5.571861201922734,0.003963987981448369,0.0,0.0,0.0
7LSS,1,rpk,cons,381,G,G,0,-0.2972822120058689,-0.2895922786524181,0.007689933353450806,0.0,0.0,0.0
7LSS,1,rpk,cons,382,V,V,0,-2.636365549236856,-2.63446855044448,0.0018969987923762588,0.0,0.0,0.0
7LSS,1,rpk,cons,383,S,S,0,-2.7364452686042937,-2.752726397896253,-0.01628112929195913,0.0,0.0,0.0
7LSS,1,rpk,cons,384,P,P,0,-4.927933798051203,-4.907747795761405,0.020186002289798388,0.0,0.0,0.0
7LSS,1,rpk,cons,385,T,T,0,1.6167041876440287,1.6001680996615515,-0.016536087982477188,0.0,0.0,0.0
7LSS,1,rpk,cons,386,K,K,0,-3.112645679806553,-3.1208913410883907,-0.00824566128183779,0.0,0.0,0.0
7LSS,1,rpk,cons,387,L,L,0,-4.686431024766395,-4.692415764548487,-0.005984739782092241,0.0,0.0,0.0
7LSS,1,rpk,cons,388,N,N,0,-2.8849470211107873,-2.8771686985572353,0.007778322553551931,0.0,0.0,0.0
7LSS,1,rpk,cons,389,D,D,0,-3.805556265250655,-3.742731995232706,0.06282427001794888,0.0,0.0,0.0
7LSS,1,rpk,cons,390,L,L,0,-2.833827368235827,-2.814222241511142,0.01960512672468484,0.0,0.0,0.0
7LSS,1,rpk,cons,391,C,C,0,-0.994635287752499,-0.9961248094928198,-0.0014895217403207983,0.0,0.0,0.0
7LSS,1,rpk,cons,392,F,F,0,-6.064301581985841,-6.108153098935216,-0.04385151694937495,0.0,0.0,0.0
7LSS,1,rpk,cons,393,T,T,0,-3.4357129760672596,-3.4290181146557073,0.006694861411552289,0.0,0.0,0.0
7LSS,1,rpk,cons,394,N,N,0,-0.42479449132461394,-0.3961079635200213,0.028686527804592632,0.0,0.0,0.0
7LSS,1,rpk,cons,395,V,V,0,-4.607802843058084,-4.614531534037319,-0.006728690979234564,0.0,0.0,0.0
7LSS,1,rpk,cons,396,Y,Y,0,-4.650818386303743,-4.644194441326149,0.0066239449775942205,0.0,0.0,0.0
7LSS,1,rpk,cons,397,A,A,0,-2.5790556604620853,-2.5756483233093923,0.003407337152693035,0.0,0.0,0.0
7LSS,1,rpk,cons,398,D,D,0,-8.455264556287325,-8.479405707934955,-0.024141151647629755,0.0,0.0,0.0
7LSS,1,rpk,cons,399,S,S,0,-2.894310853173135,-2.8813472312510973,0.012963621922037927,0.0,0.0,0.0
7LSS,1,rpk,cons,400,F,F,0,-7.747222667324476,-7.74540523669374,0.0018174306307363608,0.0,0.0,0.0
7LSS,1,rpk,cons,401,V,V,0,-4.998604361870629,-4.935236833963293,0.06336752790733602,0.0,0.0,0.0
7LSS,1,rpk,cons,402,I,I,0,-5.77825196642003,-5.803954330568395,-0.025702364148364687,0.0,0.0,0.0
7LSS,1,rpk,cons,403,R,R,0,-1.7065489639702034,-1.515912808139889,0.19063615583031446,0.0,0.0,0.0
7LSS,1,rpk,cons,404,G,G,0,-0.7917803115625887,-0.7683069378176575,0.023473373744931192,0.0,0.0,0.0
7LSS,1,rpk,cons,405,D,D,0,-3.35883499831452,-3.3628128937455193,-0.003977895430999467,0.0,0.0,0.0
7LSS,1,rpk,cons,406,E,E,0,-6.516821217109323,-6.762960957067584,-0.24613973995826122,0.0,0.0,0.0
7LSS,1,rpk,cons,407,V,V,0,-2.2041036902366504,-2.3145670108333496,-0.11046332059669917,0.0,0.0,0.0
7LSS,1,rpk,cons,408,R,R,0,0.864408767361869,0.8922491425100202,0.027840375148151186,0.0,0.0,0.0
7LSS,1,rpk,cons,409,Q,Q,0,-6.5337509673942264,-7.560061443449908,-1.0263104760556816,0.0,0.0,0.0
7LSS,1,rpk,cons,410,I,I,0,-4.278900514721703,-4.3060279092814895,-0.027127394559786744,0.0,0.0,0.0
7LSS,1,rpk,cons,411,A,A,0,-0.987763507540727,-0.9983584453575769,-0.010594937816849948,0.0,0.0,0.0
7LSS,1,rpk,cons,412,P,P,0,-4.738786187341537,-4.706839784326938,0.031946403014599056,0.0,0.0,0.0
7LSS,1,rpk,cons,413,G,G,0,-2.058581367080242,-2.0404833692606976,0.018097997819544354,0.0,0.0,0.0
7LSS,1,rpk,cons,414,Q,Q,0,-3.8210578538121034,-3.8460857720036694,-0.025027918191566023,0.0,0.0,0.0
7LSS,1,rpk,cons,415,T,T,0,-1.395414840099984,-1.33688477261943,0.058530067480554004,0.0,0.0,0.0
7LSS,1,rpk,cons,416,G,G,0,-3.3300398652333407,-3.52265934764542,-0.19261948241207927,0.0,0.0,0.0
7LSS,1,rpk,cons,417,K,N,1,-0.12534363153075548,-0.0031466438531028706,0.12219698767765261,0.0,0.0,0.0
7LSS,1,rpk,cons,418,I,I,0,-6.078337036470077,-6.128124310777479,-0.04978727430740193,0.0,0.0,0.0
7LSS,1,rpk,cons,419,A,A,0,-0.28836482026047616,-0.16372213752130393,0.12464268273917223,0.0,0.0,0.0
7LSS,1,rpk,cons,420,D,D,0,-7.625119555898349,-7.583695488634197,0.0414240672641526,0.0,0.0,0.0
7LSS,1,rpk,cons,421,Y,Y,0,-3.485391504381992,-3.5617130752352955,-0.07632157085330338,0.0,0.0,0.0
7LSS,1,rpk,cons,422,N,N,0,-4.270004015760218,-4.396764947763593,-0.1267609320033749,0.0,0.0,0.0
7LSS,1,rpk,cons,423,Y,Y,0,-3.949639337059569,-3.9707517987694327,-0.021112461709863695,0.0,0.0,0.0
7LSS,1,rpk,cons,424,K,K,0,-0.27945108468282465,-0.24605011604870075,0.033400968634123895,0.0,0.0,0.0
7LSS,1,rpk,cons,425,L,L,0,-4.899821356940981,-4.8602739350620405,0.03954742187894045,0.0,0.0,0.0
7LSS,1,rpk,cons,426,P,P,0,-5.4062229924885825,-5.364215756282756,0.04200723620582636,0.0,0.0,0.0
7LSS,1,rpk,cons,427,D,D,0,-1.4234720003639272,-1.4419734592036588,-0.018501458839731644,0.0,0.0,0.0
7LSS,1,rpk,cons,428,D,D,0,-0.44859526064698974,-0.4551038738310345,-0.006508613184044776,0.0,0.0,0.0
7LSS,1,rpk,cons,429,F,F,0,-4.654497325906793,-4.648106984611632,0.0063903412951615834,0.0,0.0,0.0
7LSS,1,rpk,cons,430,T,T,0,-2.055780545379442,-2.0672449857012434,-0.011464440321801384,0.0,0.0,0.0
7LSS,1,rpk,cons,431,G,G,0,-4.796219278647379,-4.794031380143399,0.0021878985039798238,0.0,0.0,0.0
7LSS,1,rpk,cons,432,C,C,0,-2.0645275335197346,-2.040394262551697,0.024133270968037746,0.0,0.0,0.0
7LSS,1,rpk,cons,433,V,V,0,-5.789250487658176,-5.8604788525098925,-0.07122836485171646,0.0,0.0,0.0
7LSS,1,rpk,cons,434,I,I,0,-6.56499076722258,-6.474756777325651,0.09023398989692843,0.0,0.0,0.0
7LSS,1,rpk,cons,435,A,A,0,-6.080632860499026,-6.321696963870096,-0.24106410337106965,0.0,0.0,0.0
7LSS,1,rpk,cons,436,W,W,0,-4.436469890277866,-4.841293180916039,-0.4048232906381726,0.0,0.0,0.0
7LSS,1,rpk,cons,437,N,N,0,-2.5177752008800622,-3.2771164226452925,-0.7593412217652302,0.000824021874075449,0.00023354853083912755,-0.0005904733432363215
7LSS,1,rpk,cons,438,S,S,0,-3.745745276622251,-3.909261693183754,-0.16351641656150262,-8.918426153382841e-05,-8.832526607477353e-05,8.589954590548787e-07
7LSS,1,rpk,cons,439,N,N,0,-2.6606403388110595,-2.63259416903532,0.028046169775739482,-2.633697458249733,-2.75113608688122,-0.1174386286314868
7LSS,1,rpk,cons,440,N,K,1,-2.719435531312235,-0.9710185351449888,1.7484169961672462,-5.20445504328748,-3.6680232620409363,1.5364317812465433
7LSS,1,rpk,cons,441,L,L,0,-0.5941137775996627,-0.5864818614220494,0.007631916177613274,-4.2369840969825985,-4.446560069000082,-0.20957597201748346
7LSS,1,rpk,cons,442,D,D,0,-7.3080019801324845,-7.321342283956693,-0.01334030382420881,-0.1100162562473663,-0.11241017043264061,-0.0023939141852743068
7LSS,1,rpk,cons,443,S,S,0,-3.0256924814051573,-2.9770972999013527,0.048595181503804596,-1.2153150204709782,-1.223290573447776,-0.00797555297679775
7LSS,1,rpk,cons,444,K,K,0,-4.487236604947011,-4.107611351826461,0.3796252531205502,-9.66087114981379,-8.928806301270559,0.7320648485432315
7LSS,1,rpk,cons,445,V,V,0,-0.9598218172567092,0.2738540866884934,1.2336759039452025,-7.898014278997031,-7.87470643869702,0.023307840300010874
7LSS,1,rpk,cons,446,G,S,1,4.075760664957979,4.399384256089698,0.3236235911317191,-1.663802678796125,-0.7365823061706156,0.9272203726255095
7LSS,1,rpk,cons,447,G,G,0,-0.3035220343797913,0.024302947096333516,0.3278249814761248,-0.3803380521692372,-0.4411620285138438,-0.06082397634460657
7LSS,1,rpk,cons,448,N,N,0,-4.471396379379587,-4.453537668163018,0.01785871121656868,-0.01840505342867116,-0.03909210630052742,-0.020687052871856258
7LSS,1,rpk,cons,449,Y,Y,0,0.46763226383092565,0.24611903664738283,-0.22151322718354283,-0.1402444500184381,-0.21706538415077387,-0.07682093413233576
7LSS,1,rpk,cons,450,N,N,0,-0.5573506874818601,-0.8506624152027418,-0.29331172772088165,-0.4308052550562203,-0.3786954998565567,0.0521097551996636
7LSS,1,rpk,cons,451,Y,Y,0,-4.092662467085557,-3.7701559663343613,0.32250650075119536,-0.0032341086236786446,-0.002393934527187772,0.0008401740964908725
7LSS,1,rpk,cons,452,L,L,0,-5.643421961901737,-5.476156762809403,0.16726519909233417,0.0,0.0,0.0
7LSS,1,rpk,cons,453,Y,Y,0,-6.756791323919917,-6.764762767587549,-0.007971443667631917,0.0,0.0,0.0
7LSS,1,rpk,cons,454,R,R,0,-4.773294144822525,-4.915993188344373,-0.1426990435218487,0.0,0.0,0.0
7LSS,1,rpk,cons,455,L,L,0,-0.4772113318942235,-0.4220131719885084,0.05519815990571508,0.0,0.0,0.0
7LSS,1,rpk,cons,456,F,F,0,-1.4510940479904546,-1.5625541537164351,-0.11146010572598053,0.0,0.0,0.0
7LSS,1,rpk,cons,457,R,R,0,-0.2559641762266167,-0.26791638163633497,-0.011952205409718253,0.0,0.0,0.0
7LSS,1,rpk,cons,458,K,K,0,-1.250775819154188,-1.2786244512363811,-0.027848632082193125,0.0,0.0,0.0
7LSS,1,rpk,cons,459,S,S,0,-1.5498410568484442,-1.5341228972286491,0.015718159619795058,0.0,0.0,0.0
7LSS,1,rpk,cons,460,N,N,0,-1.2920966269277898,-1.2261322572736062,0.06596436965418362,0.0,0.0,0.0
7LSS,1,rpk,cons,461,L,L,0,-4.054763616130332,-4.105627320725692,-0.05086370459536038,0.0,0.0,0.0
7LSS,1,rpk,cons,462,K,K,0,0.03807901346061171,0.04979500643760015,0.011715992976988443,0.0,0.0,0.0
7LSS,1,rpk,cons,463,P,P,0,-3.8768842735866977,-3.8371726685056298,0.03971160508106797,0.0,0.0,0.0
7LSS,1,rpk,cons,464,F,F,0,2.8928121927610366,2.8570187521938424,-0.035793440567194246,0.0,0.0,0.0
7LSS,1,rpk,cons,465,E,E,0,-3.1880160730749108,-3.178552815873532,0.009463257201378639,0.0,0.0,0.0
7LSS,1,rpk,cons,466,R,R,0,-1.0614942570077017,-1.0563745237478064,0.005119733259895343,0.0,0.0,0.0
7LSS,1,rpk,cons,467,D,D,0,-6.061256878080988,-6.017505293664553,0.043751584416434675,0.0,0.0,0.0
7LSS,1,rpk,cons,468,I,I,0,0.1461167033358364,0.1797142341657269,0.033597530829890504,0.0,0.0,0.0
7LSS,1,rpk,cons,469,S,S,0,-4.507688833879257,-4.555914993240687,-0.04822615936142949,0.0,0.0,0.0
7LSS,1,rpk,cons,470,T,T,0,-1.199203874642178,-1.1559752544772839,0.04322862016489415,0.0,0.0,0.0
7LSS,1,rpk,cons,471,E,E,0,-1.4366545136480053,-1.4785240860792577,-0.04186957243125233,0.0,0.0,0.0
7LSS,1,rpk,cons,472,I,I,0,-3.0730774890639587,-2.9442630316864467,0.12881445737751207,0.0,0.0,0.0
7LSS,1,rpk,cons,473,Y,Y,0,-2.4808997073961003,-2.285893832233396,0.19500587516270418,0.0,0.0,0.0
7LSS,1,rpk,cons,474,Q,Q,0,-3.7304632470709125,-3.724770430573048,0.005692816497864683,0.0,0.0,0.0
7LSS,1,rpk,cons,475,A,A,0,-0.16756563989319906,-0.07953646951466961,0.08802917037852945,0.0,0.0,0.0
7LSS,1,rpk,cons,476,G,G,0,1.1668165333941691,1.0138599228936058,-0.1529566105005633,0.0,0.0,0.0
7LSS,1,rpk,cons,477,S,N,1,0.529792033876414,1.3902169352305673,0.8604249013541533,0.0,0.0,0.0
7LSS,1,rpk,cons,478,T,K,1,0.8185241793508158,1.1609964214361534,0.34247224208533766,0.0,0.0,0.0
7LSS,1,rpk,cons,479,P,P,0,-4.080492724780505,-3.6957849948172106,0.38470772996329483,0.0,0.0,0.0
7LSS,1,rpk,cons,480,C,C,0,0.15460026610239336,0.05958209503895201,-0.09501817106344135,0.0,0.0,0.0
7LSS,1,rpk,cons,481,N,N,0,-1.2816987720501296,-1.2736247875255404,0.008073984524589184,0.0,0.0,0.0
7LSS,1,rpk,cons,482,G,G,0,-2.0986933978250084,-2.0921475533364244,0.006545844488583974,0.0,0.0,0.0
7LSS,1,rpk,cons,483,V,V,0,-0.41652841703026944,-0.33100250815783283,0.0855259088724366,0.0,0.0,0.0
7LSS,1,rpk,cons,484,E,A,1,-2.390528761949805,-1.410761836935714,0.9797669250140908,0.0,0.0,0.0
7LSS,1,rpk,cons,485,G,G,0,-1.274209626199875,-1.5079099489784034,-0.23370032277852837,0.0,0.0,0.0
7LSS,1,rpk,cons,486,F,F,0,2.2315652364634646,2.196741600844714,-0.03482363561875079,0.0,0.0,0.0
7LSS,1,rpk,cons,487,N,N,0,-1.837701886523877,-1.8910229720932696,-0.053321085569392634,0.0,0.0,0.0
7LSS,1,rpk,cons,488,C,C,0,-0.30514676373593375,-0.24617275424245405,0.058974009493479695,0.0,0.0,0.0
7LSS,1,rpk,cons,489,Y,Y,0,-3.5211557912464624,-3.0654089572116603,0.4557468340348021,0.0,0.0,0.0
7LSS,1,rpk,cons,490,F,F,0,0.8832399524412418,0.5459150649320519,-0.3373248875091899,0.0,0.0,0.0
7LSS,1,rpk,cons,491,P,P,0,-6.674578495449734,-6.921246828220697,-0.24666833277096334,0.0,0.0,0.0
7LSS,1,rpk,cons,492,L,L,0,-4.089464101325761,-4.780153904368164,-0.6906898030424031,0.0,0.0,0.0
7LSS,1,rpk,cons,493,Q,R,1,-2.667464530533863,-3.493966458291749,-0.826501927757886,0.0,0.0,0.0
7LSS,1,rpk,cons,494,S,S,0,-0.9924278590285046,-1.5681944587356318,-0.5757665997071272,0.0,0.0,0.0
7LSS,1,rpk,cons,495,Y,Y,0,-4.647171473277819,-4.873655201932763,-0.22648372865494437,0.0,0.0,0.0
7LSS,1,rpk,cons,496,G,S,1,-1.252337445182666,-0.04134652324933186,1.2109909219333344,-2.7868873255475213e-07,0.0,2.7868873255475213e-07
7LSS,1,rpk,cons,497,F,F,0,-5.799375540820652,-5.1435772374492705,0.6557983033713812,-4.596673044690233e-07,-3.125223987216017e-06,-2.665556682746994e-06
7LSS,1,rpk,cons,498,Q,R,1,-1.4488453914756323,-2.3874177134704047,-0.9385723219947724,-2.109586655214132,-3.368996593379336,-1.259409938165204
7LSS,1,rpk,cons,499,P,P,0,-5.203511007549331,-4.032601040635898,1.1709099669134329,-4.886772773726943,-5.996188738590235,-1.1094159648632926
7LSS,1,rpk,cons,500,T,T,0,-0.5964151420340169,-2.194988498492579,-1.5985733564585622,-5.6928573224683925,-5.853961199161306,-0.1611038766929136
7LSS,1,rpk,cons,501,N,Y,1,-0.7215772310641719,4.549350580927274,5.270927811991446,-1.0730516887482024,-0.27442611097485803,0.7986255777733444
7LSS,1,rpk,cons,502,G,G,0,-1.2098378118210322,0.28830316795942534,1.4981409797804575,-0.13854750111759542,-0.11830553721835926,0.02024196389923616
7LSS,1,rpk,cons,503,V,V,0,1.049003121250753,1.1408722818095776,0.09186916055882466,-0.0001614977721729105,-0.00011274128259242382,4.875648958048667e-05
7LSS,1,rpk,cons,504,G,G,0,-2.2705387724673654,-2.042744392668234,0.22779437979913153,0.0,0.0,0.0
7LSS,1,rpk,cons,505,Y,H,1,-1.8365119159231156,-2.1943478253144253,-0.3578359093913097,0.0,0.0,0.0
7LSS,1,rpk,cons,506,Q,Q,0,-4.479167061347146,-4.844484404921166,-0.36531734357402,0.14705134086100474,0.1286817505122723,-0.01836959034873245
7LSS,1,rpk,cons,507,P,P,0,-7.719348166347027,-7.701700129006056,0.017648037340970646,0.0,0.0,0.0
7LSS,1,rpk,cons,508,Y,Y,0,-2.445175703141325,-2.956042394347958,-0.5108666912066329,0.0,0.0,0.0
7LSS,1,rpk,cons,509,R,R,0,-4.946757707683621,-4.901724122950231,0.04503358473338981,0.17013158332138129,0.1622438289446876,-0.007887754376693673
7LSS,1,rpk,cons,510,V,V,0,-6.559577345366645,-6.587354436227224,-0.027777090860579,0.0,0.0,0.0
7LSS,1,rpk,cons,511,V,V,0,-7.299394541330113,-7.259056786807568,0.040337754522544955,0.0,0.0,0.0
7LSS,1,rpk,cons,512,V,V,0,-6.81707423754756,-6.847352927262927,-0.030278689715366625,0.0,0.0,0.0
7LSS,1,rpk,cons,513,L,L,0,-6.646985584765111,-6.600141461960185,0.046844122804926336,0.0,0.0,0.0
7LSS,1,rpk,cons,514,S,S,0,-2.9811274043268376,-2.9877195636918463,-0.006592159365008676,0.0,0.0,0.0
7LSS,1,rpk,cons,515,F,F,0,-4.806157135895886,-4.84816719297741,-0.04201005708152383,0.0,0.0,0.0
7LSS,1,rpk,cons,516,E,E,0,-4.559941174870548,-4.5924069308859625,-0.032465756015414904,0.0,0.0,0.0
7LSS,1,rpk,cons,517,L,L,0,-1.3271603633312807,-1.307835305277861,0.019325058053419664,0.0,0.0,0.0
7LSS,1,rpk,cons,518,L,L,0,0.3357538435130175,0.3155985063392057,-0.020155337173811794,0.0,0.0,0.0
7LSS,1,rpk,cons,519,H,H,0,1.1428797093636334,1.1505224487304069,0.00764273936677351,0.0,0.0,0.0
7LSS,1,rpk,cons,520,A,A,0,0.6132079998141897,0.6232022490306988,0.009994249216509044,0.0,0.0,0.0
7LSS,1,rpk,cons,521,P,P,0,-3.884624361807041,-3.8823797189863747,0.002244642820666165,0.0,0.0,0.0
7LSS,1,rpk,cons,522,A,A,0,-2.387634605220922,-2.402704613798989,-0.01507000857806684,0.0,0.0,0.0
7LSS,1,rpk,cons,523,T,T,0,-3.4888981433572774,-3.486562903842067,0.002335239515210308,0.0,0.0,0.0
7LSS,1,rpk,cons,524,V,V,0,-5.672326774426379,-5.714099241423437,-0.04177246699705783,0.0,0.0,0.0
7LSS,1,rpk,cons,525,C,C,0,-0.34724366709125526,-0.38299917093905095,-0.03575550384779569,0.0,0.0,0.0
7LSS,1,rpk,cons,526,G,G,0,-1.0848852712611523,-1.0496259454639787,0.03525932579717361,0.0,0.0,0.0
7LSS,1,rpk,cons,527,P,P,0,-3.006059175524382,-3.0021514719809943,0.003907703543387875,0.0,0.0,0.0
7LSS,1,rpk,cons,528,K,K,0,-3.0512174991255097,-2.9916969254684083,0.059520573657101394,0.0,0.0,0.0
7LSS,1,rpk,cons,529,K,K,0,-0.5543651296510326,-0.5534594606982122,0.0009056689528204043,0.0,0.0,0.0
7LSS,1,rpk,cons,530,S,S,0,-3.452131857089742,-3.4487865805468574,0.0033452765428845233,0.0,0.0,0.0
7LSS,1,rpk,cons,531,T,T,0,-2.7577255240136425,-2.755969992522131,0.0017555314915114195,0.0,0.0,0.0
7LSS,1,rpk,cons,532,N,N,0,-0.7972374749383553,-0.7965434435925964,0.0006940313457588498,0.0,0.0,0.0
7LSS,1,rpk,cons,533,L,L,0,-0.8634503127378694,-0.8626920804073802,0.0007582323304892169,0.0,0.0,0.0
7LSS,1,rpk,cons,534,V,V,0,0.9069559066207658,0.9096690837254744,0.0027131771047086417,0.0,0.0,0.0
7LSS,1,rpk,cons,535,K,K,0,-0.9036892438703932,-0.897830912717543,0.005858331152850171,0.0,0.0,0.0
7LSS,1,rpk,cons,536,N,N,0,-0.8586676847904438,-0.858341217595133,0.000326467195310709,0.0,0.0,0.0
7LSS,1,rpk,cons,537,K,K,0,-1.5731025185161776,-1.575182225146089,-0.0020797066299114153,0.0,0.0,0.0
7LSS,1,rpk,cons,538,C,C,0,-1.746741264757462,-1.7390576410564662,0.007683623700995845,0.0,0.0,0.0
7LSS,1,rpk,cons,539,V,V,0,-2.0489585411728157,-2.033681143431759,0.015277397741056742,0.0,0.0,0.0
7LSS,1,rpk,cons,540,N,N,0,-3.127171750489653,-3.121365826556203,0.005805923933449808,0.0,0.0,0.0
7LSS,1,rpk,cons,541,F,F,0,-2.9225484958267,-2.9288017277461647,-0.006253231919464586,0.0,0.0,0.0
7LSS,1,rpk,free,319,R,R,0,0.7563473890794573,0.7847374526385223,0.028390063559065037,0.0,0.0,0.0
7LSS,1,rpk,free,320,V,V,0,-0.49647109255170074,-0.4834624478865448,0.013008644665155944,0.0,0.0,0.0
7LSS,1,rpk,free,321,Q,Q,0,-1.1837527324853685,-1.2043084265040223,-0.02055569401865376,0.0,0.0,0.0
7LSS,1,rpk,free,322,P,P,0,-5.652090900141973,-5.649903007328088,0.002187892813885206,0.0,0.0,0.0
7LSS,1,rpk,free,323,T,T,0,-1.510011034343607,-1.5041399454054791,0.005871088938127933,0.0,0.0,0.0
7LSS,1,rpk,free,324,E,E,0,-1.3391286932260118,-1.2964237484077623,0.04270494481824949,0.0,0.0,0.0
7LSS,1,rpk,free,325,S,S,0,-0.8453423255875938,-0.9025994287241643,-0.05725710313657051,0.0,0.0,0.0
7LSS,1,rpk,free,326,I,I,0,-4.3560852706109,-4.318516966330237,0.037568304280663156,0.0,0.0,0.0
7LSS,1,rpk,free,327,V,V,0,-5.058203590878573,-4.901905279879064,0.1562983109995093,0.0,0.0,0.0
7LSS,1,rpk,free,328,R,R,0,-1.6515999053236172,-1.6412591089588646,0.010340796364752602,0.0,0.0,0.0
7LSS,1,rpk,free,329,F,F,0,-1.6207969769081332,-1.5503955459937853,0.07040143091434792,0.0,0.0,0.0
7LSS,1,rpk,free,330,P,P,0,-6.061678683042556,-6.039816405929861,0.02186227711269506,0.0,0.0,0.0
7LSS,1,rpk,free,331,N,N,0,-1.0296401814948242,-1.0406260821205124,-0.010985900625688272,0.0,0.0,0.0
7LSS,1,rpk,free,332,I,I,0,-1.7889087359041618,-1.8052856397956176,-0.016376903891455852,0.0,0.0,0.0
7LSS,1,rpk,free,333,T,T,0,-0.0034514644371130276,-0.03904928363309687,-0.03559781919598384,0.0,0.0,0.0
7LSS,1,rpk,free,334,N,N,0,-1.792099681500288,-1.7180721140306505,0.07402756746963757,0.0,0.0,0.0
7LSS,1,rpk,free,335,L,L,0,-0.7398434227743591,-0.7341925357240155,0.005650887050343556,0.0,0.0,0.0
7LSS,1,rpk,free,336,C,C,0,-2.554719522960771,-2.5088516104335628,0.04586791252720834,0.0,0.0,0.0
7LSS,1,rpk,free,337,P,P,0,-3.7445312818077703,-3.6878882830734754,0.0566429987342949,0.0,0.0,0.0
7LSS,1,rpk,free,338,F,F,0,-4.069953120918689,-3.8898203249306453,0.18013279598804388,0.0,0.0,0.0
7LSS,1,rpk,free,339,G,D,1,-0.4017341207469263,-2.5726259871804626,-2.170891866433536,0.0,0.0,0.0
7LSS,1,rpk,free,340,E,E,0,-1.7351398899283808,-2.0382963264920457,-0.303156436563665,0.0,0.0,0.0
7LSS,1,rpk,free,341,V,V,0,-1.0297414371812605,-0.9834862937862339,0.04625514339502668,0.0,0.0,0.0
7LSS,1,rpk,free,342,F,F,0,-3.516077982988833,-3.670788150681954,-0.15471016769312085,0.0,0.0,0.0
7LSS,1,rpk,free,343,N,N,0,-1.9986488434648995,-2.041327948737346,-0.04267910527244645,0.0,0.0,0.0
7LSS,1,rpk,free,344,A,A,0,-1.7407828424643204,-1.7140682274673114,0.026714614997009,-0.0003767489974628441,-0.009034953652332936,-0.008658204654870091
7LSS,1,rpk,free,345,T,T,0,-0.3756340709778041,-0.26859286426662665,0.10704120671117745,-2.1132284335167664,-2.1914109434758298,-0.0781825099590634
7LSS,1,rpk,free,346,R,R,0,0.0386348980729366,0.14775254546161712,0.10911764738868052,-0.7964978003432075,-0.6471378521893068,0.14935994815390075
7LSS,1,rpk,free,347,F,F,0,-1.1528475093887407,-1.1318583147616932,0.020989194627047514,-4.232750552974869e-06,-2.1492756081672656e-06,2.0834749448076038e-06
7LSS,1,rpk,free,348,A,A,0,-0.25663602542498726,-0.1929657286907318,0.06367029673425545,0.0,0.0,0.0
7LSS,1,rpk,free,349,S,S,0,-2.0239576969516775,-1.8976131753080256,0.12634452164365184,0.0,0.0,0.0
7LSS,1,rpk,free,350,V,V,0,-0.025245477292981544,0.062201771283739105,0.08744724857672065,0.0,0.0,0.0
7LSS,1,rpk,free,351,Y,Y,0,-2.568991890647222,-2.538852473293086,0.030139417354136278,0.0,0.0,0.0
7LSS,1,rpk,free,352,A,A,0,-0.6073452500380674,-0.576816943382305,0.03052830665576234,0.0,0.0,0.0
7LSS,1,rpk,free,353,W,W,0,-1.8858284249056771,-1.9635964143032498,-0.07776798939757268,0.0,0.0,0.0
7LSS,1,rpk,free,354,N,N,0,-0.498357287988764,-0.6068445656372329,-0.10848727764846888,0.0,0.0,0.0
7LSS,1,rpk,free,355,R,R,0,-2.4266254219402152,-2.462545454784962,-0.035920032844746874,0.0,0.0,0.0
7LSS,1,rpk,free,356,K,K,0,-3.431192652730775,-3.4249038447686644,0.006288807962110621,0.0,0.0,0.0
7LSS,1,rpk,free,357,R,R,0,-0.6018908478999989,-0.625169002493679,-0.0232781545936801,0.0,0.0,0.0
7LSS,1,rpk,free,358,I,I,0,-5.65955427325185,-5.59095887430744,0.06859539894440925,0.0,0.0,0.0
7LSS,1,rpk,free,359,S,S,0,-2.6841915609028444,-2.6802584283223387,0.003933132580505649,0.0,0.0,0.0
7LSS,1,rpk,free,360,N,N,0,-1.9610255010359685,-1.8624754165668769,0.09855008446909164,0.0,0.0,0.0
7LSS,1,rpk,free,361,C,C,0,-3.7077129060490894,-3.855627141509978,-0.14791423546088867,0.0,0.0,0.0
7LSS,1,rpk,free,362,V,V,0,-5.380227183874489,-5.468833785671917,-0.0886066017974283,0.0,0.0,0.0
7LSS,1,rpk,free,363,A,A,0,-3.2736537943963406,-3.2769532628035267,-0.0032994684071860902,0.0,0.0,0.0
7LSS,1,rpk,free,364,D,D,0,-4.661983284003776,-4.358996678982826,0.30298660502095043,0.0,0.0,0.0
7LSS,1,rpk,free,365,Y,Y,0,-7.037989166626826,-7.119854880333673,-0.08186571370684703,0.0,0.0,0.0
7LSS,1,rpk,free,366,S,S,0,-4.3909242266125155,-5.744004547766506,-1.3530803211539908,0.0,0.0,0.0
7LSS,1,rpk,free,367,V,V,0,0.4968922480026282,0.09573418349558344,-0.4011580645070448,0.0,0.0,0.0
7LSS,1,rpk,free,368,L,L,0,-5.144923264798848,-5.348537563063774,-0.2036142982649256,0.0,0.0,0.0
7LSS,1,rpk,free,369,Y,Y,0,-0.18190499168810909,0.23767210126904909,0.41957709295715817,0.0,0.0,0.0
7LSS,1,rpk,free,370,N,N,0,-1.1822754322306475,-0.4871096723203919,0.6951657599102556,0.0,0.0,0.0
7LSS,1,rpk,free,371,S,L,1,0.5836107333871974,0.12430224576680166,-0.4593084876203957,0.0,0.0,0.0
7LSS,1,rpk,free,372,A,A,0,1.9605275481782556,2.598325280322739,0.6377977321444832,0.0,0.0,0.0
7LSS,1,rpk,free,373,S,P,1,-0.8494568800221256,-2.2746833421920902,-1.4252264621699646,0.0,0.0,0.0
7LSS,1,rpk,free,374,F,F,0,-1.3288412758890225,-2.474190850535146,-1.1453495746461235,0.0,0.0,0.0
7LSS,1,rpk,free,375,S,F,1,0.19374105696736538,1.1106925244496573,0.9169514674822918,0.0,0.0,0.0
7LSS,1,rpk,free,376,T,T,0,-1.8821789071443296,-2.058895538627561,-0.17671663148323136,0.0,0.0,0.0
7LSS,1,rpk,free,377,F,F,0,-1.5845805464407765,-1.352524239791207,0.23205630664956955,0.0,0.0,0.0
7LSS,1,rpk,free,378,K,K,0,-3.0566169504169522,-3.10148334451054,-0.044866394093587836,0.0,0.0,0.0
7LSS,1,rpk,free,379,C,C,0,-0.6906682680574239,-0.7190451133341382,-0.028376845276714358,0.0,0.0,0.0
7LSS,1,rpk,free,380,Y,Y,0,-5.603455699153152,-5.681625242810044,-0.07816954365689277,0.0,0.0,0.0
7LSS,1,rpk,free,381,G,G,0,-0.32160554537213826,-0.3534953178179394,-0.03188977244580116,0.0,0.0,0.0
7LSS,1,rpk,free,382,V,V,0,-2.6262354343328864,-2.635445849349141,-0.009210415016254636,0.0,0.0,0.0
7LSS,1,rpk,free,383,S,S,0,-2.7257216847389136,-2.749639564412381,-0.023917879673467368,0.0,0.0,0.0
7LSS,1,rpk,free,384,P,P,0,-4.922400609506249,-5.049029001673831,-0.12662839216758215,0.0,0.0,0.0
7LSS,1,rpk,free,385,T,T,0,1.625329602616561,1.627483107363532,0.00215350474697118,0.0,0.0,0.0
7LSS,1,rpk,free,386,K,K,0,-3.1126788945415784,-3.192191162940472,-0.07951226839889358,0.0,0.0,0.0
7LSS,1,rpk,free,387,L,L,0,-4.687206249902327,-4.9379453545485035,-0.25073910464617644,0.0,0.0,0.0
7LSS,1,rpk,free,388,N,N,0,-2.9200094192496713,-2.726308598649234,0.19370082060043714,0.0,0.0,0.0
7LSS,1,rpk,free,389,D,D,0,-3.8581967276782354,-3.8536102830445405,0.004586444633694953,0.0,0.0,0.0
7LSS,1,rpk,free,390,L,L,0,-2.9261750822332884,-2.779688313964233,0.14648676826905538,0.0,0.0,0.0
7LSS,1,rpk,free,391,C,C,0,-0.9596817883762063,-0.992152187208515,-0.03247039883230862,0.0,0.0,0.0
7LSS,1,rpk,free,392,F,F,0,-6.030792277263393,-5.8914438120854555,0.1393484651779371,0.0,0.0,0.0
7LSS,1,rpk,free,393,T,T,0,-3.3150138177068076,-3.3460141084561625,-0.031000290749354953,0.0,0.0,0.0
7LSS,1,rpk,free,394,N,N,0,-0.49150032411459577,-0.4826660754747546,0.008834248639841169,0.0,0.0,0.0
7LSS,1,rpk,free,395,V,V,0,-4.6329620574049395,-4.52310368267434,0.10985837473059945,0.0,0.0,0.0
7LSS,1,rpk,free,396,Y,Y,0,-4.587600697469209,-4.550940312642511,0.03666038482669798,0.0,0.0,0.0
7LSS,1,rpk,free,397,A,A,0,-2.6105981155711566,-2.5579437506435263,0.052654364927630315,0.0,0.0,0.0
7LSS,1,rpk,free,398,D,D,0,-8.474139337701326,-8.508756840184208,-0.034617502482882756,0.0,0.0,0.0
7LSS,1,rpk,free,399,S,S,0,-2.921429405398871,-2.8079215846482892,0.11350782075058197,0.0,0.0,0.0
7LSS,1,rpk,free,400,F,F,0,-7.730855728305942,-7.818070740487393,-0.087215012181451,0.0,0.0,0.0
7LSS,1,rpk,free,401,V,V,0,-4.987370480756037,-4.706912146376787,0.28045833437924994,0.0,0.0,0.0
7LSS,1,rpk,free,402,I,I,0,-5.7769952530561035,-5.763786332177903,0.013208920878200914,0.0,0.0,0.0
7LSS,1,rpk,free,403,R,R,0,-1.6199645232618498,-1.1304799813751043,0.4894845418867455,0.0,0.0,0.0
7LSS,1,rpk,free,404,G,G,0,-0.7462977108900635,-0.7914863413407026,-0.045188630450639145,0.0,0.0,0.0
7LSS,1,rpk,free,405,D,D,0,-3.4007521682065573,-3.4328352480024478,-0.03208307979589042,0.0,0.0,0.0
7LSS,1,rpk,free,406,E,E,0,-6.516801457515776,-6.59372538323007,-0.07692392571429352,0.0,0.0,0.0
7LSS,1,rpk,free,407,V,V,0,-2.254089455313294,-2.1971776092579915,0.05691184605530264,0.0,0.0,0.0
7LSS,1,rpk,free,408,R,R,0,0.8930233217921777,0.8801404856580943,-0.012882836134083364,0.0,0.0,0.0
7LSS,1,rpk,free,409,Q,Q,0,-6.52954344366354,-7.602006050205827,-1.0724626065422873,0.0,0.0,0.0
7LSS,1,rpk,free,410,I,I,0,-4.316864468571173,-4.375859385659066,-0.05899491708789295,0.0,0.0,0.0
7LSS,1,rpk,free,411,A,A,0,-0.9907922628645748,-1.0567925612349947,-0.06600029837041987,0.0,0.0,0.0
7LSS,1,rpk,free,412,P,P,0,-4.705033262342409,-4.646216487752337,0.058816774590072285,0.0,0.0,0.0
7LSS,1,rpk,free,413,G,G,0,-2.066588442426883,-2.022258319512605,0.04433012291427785,0.0,0.0,0.0
7LSS,1,rpk,free,414,Q,Q,0,-3.8388880322436303,-3.8217411159202626,0.017146916323367734,0.0,0.0,0.0
7LSS,1,rpk,free,415,T,T,0,-1.3914719018224986,-1.3220198920225226,0.06945200979997601,0.0,0.0,0.0
7LSS,1,rpk,free,416,G,G,0,-3.31437518353109,-3.52144501469656,-0.20706983116546995,0.0,0.0,0.0
7LSS,1,rpk,free,417,K,N,1,-0.1541444076436397,0.005976931304108479,0.1601213389477482,0.0,0.0,0.0
7LSS,1,rpk,free,418,I,I,0,-6.0150945828779925,-6.291721537703083,-0.27662695482509037,0.0,0.0,0.0
7LSS,1,rpk,free,419,A,A,0,-0.2752774744933471,-0.15141328033205748,0.12386419416128963,0.0,0.0,0.0
7LSS,1,rpk,free,420,D,D,0,-7.632193632522969,-7.574438624651834,0.05775500787113508,0.0,0.0,0.0
7LSS,1,rpk,free,421,Y,Y,0,-3.548947081007572,-3.6101275162700155,-0.061180435262443655,0.0,0.0,0.0
7LSS,1,rpk,free,422,N,N,0,-4.207112970325461,-4.470749472464997,-0.26363650213953616,0.0,0.0,0.0
7LSS,1,rpk,free,423,Y,Y,0,-3.937068863408642,-3.8966615282316117,0.04040733517703021,0.0,0.0,0.0
7LSS,1,rpk,free,424,K,K,0,-0.35590913440536864,-0.3259879791051514,0.029921155300217217,0.0,0.0,0.0
7LSS,1,rpk,free,425,L,L,0,-4.887195256713863,-4.82508731895446,0.06210793775940271,0.0,0.0,0.0
7LSS,1,rpk,free,426,P,P,0,-5.353729349679329,-5.373861112516349,-0.02013176283702034,0.0,0.0,0.0
7LSS,1,rpk,free,427,D,D,0,-1.4328203238794672,-1.4483703801216756,-0.015550056242208399,0.0,0.0,0.0
7LSS,1,rpk,free,428,D,D,0,-0.4487444770492374,-0.4666323738790459,-0.01788789682980846,0.0,0.0,0.0
7LSS,1,rpk,free,429,F,F,0,-4.641668367736345,-4.558303309037338,0.08336505869900623,0.0,0.0,0.0
7LSS,1,rpk,free,430,T,T,0,-2.082408772842919,-2.22222540242204,-0.139816629579121,0.0,0.0,0.0
7LSS,1,rpk,free,431,G,G,0,-4.7762786434246625,-4.799542266367124,-0.023263622942461204,0.0,0.0,0.0
7LSS,1,rpk,free,432,C,C,0,-2.003679212850499,-1.8430559617596254,0.1606232510908736,0.0,0.0,0.0
7LSS,1,rpk,free,433,V,V,0,-5.774862453170565,-5.879175096250002,-0.104312643079437,0.0,0.0,0.0
7LSS,1,rpk,free,434,I,I,0,-6.485659096772494,-6.77103359782595,-0.28537450105345563,0.0,0.0,0.0
7LSS,1,rpk,free,435,A,A,0,-6.124424818874369,-6.197334991956597,-0.0729101730822288,0.0,0.0,0.0
7LSS,1,rpk,free,436,W,W,0,-4.518523713582818,-4.1012511576245245,0.41727255595829327,0.0,0.0,0.0
7LSS,1,rpk,free,437,N,N,0,-2.4736200703040945,-2.516415280666747,-0.04279521036265255,0.00021279161729981287,-2.763375104183202e-06,-0.00021555499240399607
7LSS,1,rpk,free,438,S,S,0,-3.7724994907732623,-3.8489323674724245,-0.07643287669916221,-0.00013230611109989188,-0.0001818054485157039,-4.949933741581203e-05
7LSS,1,rpk,free,439,N,N,0,-2.6885237280584877,-2.607202542318196,0.08132118574029157,-2.697827396444908,-2.8891415285611077,-0.19131413211619952
7LSS,1,rpk,free,440,N,K,1,-2.7921922923538336,-1.0741895734461857,1.7180027189076479,-5.233608274319601,-3.7914863068087215,1.4421219675108796
7LSS,1,rpk,free,441,L,L,0,-0.4594098710981475,-0.6062836481177559,-0.1468737770196084,-3.877123248385208,-4.835034271984901,-0.9579110235996926
7LSS,1,rpk,free,442,D,D,0,-7.434573558923694,-7.198029129992461,0.23654442893123306,-0.09261353733351188,-0.12860775816730743,-0.035994220833795554
7LSS,1,rpk,free,443,S,S,0,-3.0462102973457252,-2.799819353580162,0.24639094376556336,-1.1950388209399772,-1.1849773404719495,0.010061480468027684
7LSS,1,rpk,free,444,K,K,0,-4.538543688403163,-4.178051222598722,0.36049246580444105,-9.525401324514393,-9.574791402636823,-0.049390078122430126
7LSS,1,rpk,free,445,V,V,0,-0.9664038322237155,-0.9457749272055141,0.02062890501820136,-7.8631796780331396,-8.214011406376983,-0.35083172834384335
7LSS,1,rpk,free,446,G,S,1,4.144650671795689,1.9302472309408203,-2.2144034408548685,-1.6545975563750237,-2.6477367368441183,-0.9931391804690946
7LSS,1,rpk,free,447,G,G,0,-0.304274133788483,0.9066132407141969,1.21088737450268,-0.3703161673299884,-0.39449919630453567,-0.02418302897454727
7LSS,1,rpk,free,448,N,N,0,-4.494623021511329,-4.134530834971662,0.3600921865396671,-0.009651033610371701,-0.09184278709960031,-0.08219175348922861
7LSS,1,rpk,free,449,Y,Y,0,0.5142197454439008,0.9868285514808102,0.47260880603690936,-0.14566392370443457,-0.32657491427810303,-0.18091099057366847
7LSS,1,rpk,free,450,N,N,0,-0.5786936469052797,-1.6950850227523504,-1.1163913758470707,-0.43794323946635416,-0.48773115870402944,-0.04978791923767528
7LSS,1,rpk,free,451,Y,Y,0,-4.091163461473682,-4.174195679898376,-0.08303221842469366,-0.003121957736197857,-0.001025177817740037,0.00209677991845782
7LSS,1,rpk,free,452,L,L,0,-5.641907816530579,-5.443228065763741,0.1986797507668383,0.0,0.0,0.0
7LSS,1,rpk,free,453,Y,Y,0,-6.776242013107926,-6.789878912328753,-0.01363689922082667,0.0,0.0,0.0
7LSS,1,rpk,free,454,R,R,0,-4.764339848695044,-4.932187090819864,-0.16784724212482072,0.0,0.0,0.0
7LSS,1,rpk,free,455,L,L,0,-0.3639268269379987,-0.48815615926402944,-0.12422933232603073,0.0,0.0,0.0
7LSS,1,rpk,free,456,F,F,0,-1.4706663550828998,-1.7728936642860473,-0.30222730920314755,0.0,0.0,0.0
7LSS,1,rpk,free,457,R,R,0,-0.3059663791342543,-0.3447344780612007,-0.03876809892694644,0.0,0.0,0.0
7LSS,1,rpk,free,458,K,K,0,-1.2298466217074036,-1.2348270004509971,-0.004980378743593583,0.0,0.0,0.0
7LSS,1,rpk,free,459,S,S,0,-1.5627286263955162,-1.544923562603478,0.017805063792038167,0.0,0.0,0.0
7LSS,1,rpk,free,460,N,N,0,-1.3031155239207932,-1.2077543622162539,0.09536116170453934,0.0,0.0,0.0
7LSS,1,rpk,free,461,L,L,0,-4.063433936475288,-4.175142246048039,-0.11170830957275069,0.0,0.0,0.0
7LSS,1,rpk,free,462,K,K,0,0.026920118728612663,0.03412967532406208,0.007209556595449418,0.0,0.0,0.0
7LSS,1,rpk,free,463,P,P,0,-3.889839293433231,-3.877228405368012,0.012610888065218706,0.0,0.0,0.0
7LSS,1,rpk,free,464,F,F,0,2.924885924020127,2.8801892676006315,-0.04469665641949527,0.0,0.0,0.0
7LSS,1,rpk,free,465,E,E,0,-3.1751524663541444,-3.1511199026756347,0.0240325636785097,0.0,0.0,0.0
7LSS,1,rpk,free,466,R,R,0,-1.057051603534897,-1.011164916472398,0.04588668706249899,0.0,0.0,0.0
7LSS,1,rpk,free,467,D,D,0,-6.039141448500823,-6.001388548639281,0.037752899861541955,0.0,0.0,0.0
7LSS,1,rpk,free,468,I,I,0,0.1564317864336956,0.17111740195390118,0.014685615520205586,0.0,0.0,0.0
7LSS,1,rpk,free,469,S,S,0,-4.469300448471334,-4.4838972393931265,-0.014596790921792113,0.0,0.0,0.0
7LSS,1,rpk,free,470,T,T,0,-1.2561403048468207,-1.1676683676270532,0.08847193721976754,0.0,0.0,0.0
7LSS,1,rpk,free,471,E,E,0,-1.3527043040048066,-1.3824412217196727,-0.029736917714866085,0.0,0.0,0.0
7LSS,1,rpk,free,472,I,I,0,-3.1958822482138074,-3.298938018004948,-0.1030557697911405,0.0,0.0,0.0
7LSS,1,rpk,free,473,Y,Y,0,-2.562954501815151,-2.476359639847348,0.0865948619678032,0.0,0.0,0.0
7LSS,1,rpk,free,474,Q,Q,0,-3.5925831579964425,-3.673484278105258,-0.08090112010881567,0.0,0.0,0.0
7LSS,1,rpk,free,475,A,A,0,-0.1890789975483792,-0.09315863383157166,0.09592036371680754,0.0,0.0,0.0
7LSS,1,rpk,free,476,G,G,0,1.1623986077255388,1.0231588008715142,-0.1392398068540246,0.0,0.0,0.0
7LSS,1,rpk,free,477,S,N,1,0.48949351758834714,1.2345183181209616,0.7450248005326144,0.0,0.0,0.0
7LSS,1,rpk,free,478,T,K,1,0.8123407189105633,1.1480516736640363,0.335710954753473,0.0,0.0,0.0
7LSS,1,rpk,free,479,P,P,0,-4.108898806599655,-3.6222583762524816,0.48664043034717297,0.0,0.0,0.0
7LSS,1,rpk,free,480,C,C,0,0.1912471672221896,0.06688987332740914,-0.12435729389478045,0.0,0.0,0.0
7LSS,1,rpk,free,481,N,N,0,-1.2541983398453138,-1.2104104315192445,0.04378790832606927,0.0,0.0,0.0
7LSS,1,rpk,free,482,G,G,0,-2.115930738656571,-2.080469914612244,0.035460824044327044,0.0,0.0,0.0
7LSS,1,rpk,free,483,V,V,0,-0.4546520775870373,-0.3921572851859537,0.062494792401083576,0.0,0.0,0.0
7LSS,1,rpk,free,484,E,A,1,-2.346144643695368,-1.6200468216829005,0.7260978220124674,0.0,0.0,0.0
7LSS,1,rpk,free,485,G,G,0,-1.157674790750142,-1.4718871792803658,-0.31421238853022393,0.0,0.0,0.0
7LSS,1,rpk,free,486,F,F,0,2.3348517865800225,2.309700732273374,-0.025151054306648657,0.0,0.0,0.0
7LSS,1,rpk,free,487,N,N,0,-1.897283695768847,-2.0261493777329282,-0.1288656819640812,0.0,0.0,0.0
7LSS,1,rpk,free,488,C,C,0,-0.10086118642088476,0.21012092931621393,0.31098211573709866,0.0,0.0,0.0
7LSS,1,rpk,free,489,Y,Y,0,-3.8760425260808327,-3.3907988675578413,0.48524365852299134,0.0,0.0,0.0
7LSS,1,rpk,free,490,F,F,0,0.6739607822807365,0.7138440811679901,0.039883298887253615,0.0,0.0,0.0
7LSS,1,rpk,free,491,P,P,0,-6.673775352660978,-6.95221310826593,-0.2784377556049522,0.0,0.0,0.0
7LSS,1,rpk,free,492,L,L,0,-4.144227787389036,-4.869096920792977,-0.7248691334039412,0.0,0.0,0.0
7LSS,1,rpk,free,493,Q,R,1,-2.7551713964480533,-3.5372177070558406,-0.7820463106077873,0.0,0.0,0.0
7LSS,1,rpk,free,494,S,S,0,-0.9946190416903007,-1.3175100543903888,-0.32289101270008813,0.0,0.0,0.0
7LSS,1,rpk,free,495,Y,Y,0,-4.685522220720296,-5.3317173665583395,-0.6461951458380435,0.0,0.0,0.0
7LSS,1,rpk,free,496,G,S,1,-1.2989267151777084,-1.1677473726770824,0.13117934250062602,-2.388436780888237e-07,0.0,2.388436780888237e-07
7LSS,1,rpk,free,497,F,F,0,-5.908347938856061,-5.467151646204209,0.4411962926518527,-7.262771352851451e-07,-0.00051972040946759,-0.0005189941323323049
7LSS,1,rpk,free,498,Q,R,1,-1.6819187892014114,-1.3023048848958505,0.37961390430556086,-2.1056242105605927,-1.2090192609453831,0.8966049496152095
7LSS,1,rpk,free,499,P,P,0,-4.6737315801599735,-5.280093470882792,-0.6063618907228188,-6.153844766685991,-4.897042505213394,1.2568022614725969
7LSS,1,rpk,free,500,T,T,0,-2.4113087466863683,-3.7555294944667112,-1.344220747780343,-5.787711571447779,-5.8778043121373775,-0.09009274068959883
7LSS,1,rpk,free,501,N,Y,1,-0.6041507340149699,2.1224514075905474,2.7266021416055173,-1.2033388299479006,-0.820260888522168,0.3830779414257326
7LSS,1,rpk,free,502,G,G,0,-0.8729048029094107,0.045970157517172316,0.9188749604265831,-0.1638098546781177,-0.05622137560946463,0.10758847906865307
7LSS,1,rpk,free,503,V,V,0,1.1515487365271422,1.0773607353376935,-0.07418800118944868,-0.0001404906607792945,-0.00011031897056894811,3.0171690210346403e-05
7LSS,1,rpk,free,504,G,G,0,-2.303944365604423,-2.022475082934281,0.2814692826701424,0.0,0.0,0.0
7LSS,1,rpk,free,505,Y,H,1,-1.9805918225125974,-2.4545894617441864,-0.473997639231589,0.0,0.0,0.0
7LSS,1,rpk,free,506,Q,Q,0,-4.566932360858468,-4.617062276079336,-0.05012991522086807,0.13131705356588358,0.11105541519479951,-0.020261638371084065
7LSS,1,rpk,free,507,P,P,0,-7.7344441402187,-7.563862955945096,0.1705811842736038,0.0,0.0,0.0
7LSS,1,rpk,free,508,Y,Y,0,-2.584464140278389,-3.1777610205030276,-0.5932968802246386,0.0,0.0,0.0
7LSS,1,rpk,free,509,R,R,0,-4.978491799167806,-5.05645141409296,-0.07795961492515424,0.1541615231833225,0.15445866201721123,0.0002971388338887382
7LSS,1,rpk,free,510,V,V,0,-6.5792920197095,-6.694588528301936,-0.11529650859243556,0.0,0.0,0.0
7LSS,1,rpk,free,511,V,V,0,-7.2988030191744855,-7.37717905415854,-0.07837603498405432,0.0,0.0,0.0
7LSS,1,rpk,free,512,V,V,0,-6.82514369146811,-6.9573472104948,-0.1322035190266897,0.0,0.0,0.0
7LSS,1,rpk,free,513,L,L,0,-6.655017735244568,-6.777465968261842,-0.12244823301727337,0.0,0.0,0.0
7LSS,1,rpk,free,514,S,S,0,-2.9823075151135163,-3.0243702473382186,-0.04206273222470225,0.0,0.0,0.0
7LSS,1,rpk,free,515,F,F,0,-4.8156807178942165,-4.962603967912325,-0.14692325001810858,0.0,0.0,0.0
7LSS,1,rpk,free,516,E,E,0,-4.549451859634454,-4.588820156356282,-0.03936829672182807,0.0,0.0,0.0
7LSS,1,rpk,free,517,L,L,0,-1.2939409696169966,-1.360397140663805,-0.06645617104680834,0.0,0.0,0.0
7LSS,1,rpk,free,518,L,L,0,0.3404347093035348,0.3266904156714411,-0.01374429363209373,0.0,0.0,0.0
7LSS,1,rpk,free,519,H,H,0,1.1580232032730051,1.1578508777562415,-0.00017232551676360508,0.0,0.0,0.0
7LSS,1,rpk,free,520,A,A,0,0.6078176136413204,0.6114436926341145,0.0036260789927941017,0.0,0.0,0.0
7LSS,1,rpk,free,521,P,P,0,-3.883849700008425,-3.8737049373998524,0.010144762608572666,0.0,0.0,0.0
7LSS,1,rpk,free,522,A,A,0,-2.376234578006244,-2.380458629388144,-0.0042240513818998515,0.0,0.0,0.0
7LSS,1,rpk,free,523,T,T,0,-3.534700469619898,-3.5012641182385793,0.03343635138131873,0.0,0.0,0.0
7LSS,1,rpk,free,524,V,V,0,-5.627177351243697,-5.642350098491245,-0.015172747247548024,0.0,0.0,0.0
7LSS,1,rpk,free,525,C,C,0,-0.3613127145070864,-0.3624324442200412,-0.00111972971295482,0.0,0.0,0.0
7LSS,1,rpk,free,526,G,G,0,-1.1153099400376385,-1.0915589838823088,0.02375095615532974,0.0,0.0,0.0
7LSS,1,rpk,free,527,P,P,0,-3.0392151247207897,-3.0191548558987873,0.020060268822002403,0.0,0.0,0.0
7LSS,1,rpk,free,528,K,K,0,-3.1020966945871478,-3.0946818449205717,0.007414849666576018,0.0,0.0,0.0
7LSS,1,rpk,free,529,K,K,0,-0.6119839584599942,-0.5774917509844595,0.03449220747553472,0.0,0.0,0.0
7LSS,1,rpk,free,530,S,S,0,-3.3894389532222613,-3.4053387087306906,-0.01589975550842926,0.0,0.0,0.0
7LSS,1,rpk,free,531,T,T,0,-3.1654697974501484,-3.171011582184792,-0.005541784734643507,0.0,0.0,0.0
7LSS,1,rpk,free,532,N,N,0,-0.8801360164222558,-0.8581927350315077,0.02194328139074808,0.0,0.0,0.0
7LSS,1,rpk,free,533,L,L,0,-0.7497812560759245,-0.7712767675773928,-0.021495511501468334,0.0,0.0,0.0
7LSS,1,rpk,free,534,V,V,0,0.7772512327353854,0.7746663271171075,-0.002584905618277955,0.0,0.0,0.0
7LSS,1,rpk,free,535,K,K,0,-0.8621923011134112,-0.8597303931738761,0.0024619079395350463,0.0,0.0,0.0
7LSS,1,rpk,free,536,N,N,0,-0.8683724026089092,-0.8703449321642811,-0.0019725295553718603,0.0,0.0,0.0
7LSS,1,rpk,free,537,K,K,0,-1.5913612068977305,-1.604944565329551,-0.013583358431820569,0.0,0.0,0.0
7LSS,1,rpk,free,538,C,C,0,-1.7356435931216105,-1.7027884148376142,0.03285517828399631,0.0,0.0,0.0
7LSS,1,rpk,free,539,V,V,0,-2.0451318336496267,-2.0801368471541983,-0.035005013504571636,0.0,0.0,0.0
7LSS,1,rpk,free,540,N,N,0,-3.078182601301408,-3.094930679274871,-0.016748077973463005,0.0,0.0,0.0
7LSS,1,rpk,free,541,F,F,0,-2.9127751816117406,-2.911992149293445,0.0007830323182957954,0.0,0.0,0.0
7LSS,1,af2,cons,320,V,V,0,0.525314109979941,0.619822762649263,0.09450865266932196,0.0,0.0,0.0
7LSS,1,af2,cons,321,Q,Q,0,-0.47092899388026577,-0.48679968963695597,-0.0158706957566902,0.0,0.0,0.0
7LSS,1,af2,cons,322,P,P,0,-6.1471236591000835,-6.142162256682007,0.0049614024180764105,0.0,0.0,0.0
7LSS,1,af2,cons,323,T,T,0,-0.6811526836448993,-0.7048644886745984,-0.02371180502969905,0.0,0.0,0.0
7LSS,1,af2,cons,324,E,E,0,-2.855693816534349,-2.8034761416748806,0.05221767485946849,0.0,0.0,0.0
7LSS,1,af2,cons,325,S,S,0,-1.3275000630186307,-1.3687738530770115,-0.04127379005838083,0.0,0.0,0.0
7LSS,1,af2,cons,326,I,I,0,-4.7618065755365,-4.893274788211536,-0.13146821267503572,0.0,0.0,0.0
7LSS,1,af2,cons,327,V,V,0,-3.5539630081880094,-3.164573506138398,0.3893895020496112,0.0,0.0,0.0
7LSS,1,af2,cons,328,R,R,0,-0.24250246498675043,-0.6862008340909677,-0.4436983691042172,0.0,0.0,0.0
7LSS,1,af2,cons,329,F,F,0,-3.3657901919069837,-3.666049642226688,-0.30025945031970425,0.0,0.0,0.0
7LSS,1,af2,cons,330,P,P,0,-5.307143269773142,-5.197179773458222,0.1099634963149203,0.0,0.0,0.0
7LSS,1,af2,cons,331,N,N,0,-0.048319813555561614,-0.47771674177035395,-0.42939692821479236,0.0,0.0,0.0
7LSS,1,af2,cons,332,I,I,0,-4.431380801351851,-2.963796129715889,1.4675846716359624,0.0,0.0,0.0
7LSS,1,af2,cons,333,T,T,0,-0.4890723049712591,-0.7981505403650467,-0.30907823539378765,0.0,0.0,0.0
7LSS,1,af2,cons,334,N,N,0,-2.268262495829372,-2.0207504425801734,0.24751205324919834,0.0,0.0,0.0
7LSS,1,af2,cons,335,L,L,0,-0.44812887436241977,-0.4900541620147679,-0.04192528765234815,0.0,0.0,0.0
7LSS,1,af2,cons,336,C,C,0,-1.9454113574590501,-2.6887147166689527,-0.7433033592099025,0.0,0.0,0.0
7LSS,1,af2,cons,337,P,P,0,-3.0582532019024073,-3.085235190283125,-0.02698198838071786,0.0,0.0,0.0
7LSS,1,af2,cons,338,F,F,0,-4.685043520544838,-4.239959592692157,0.44508392785268036,0.0,0.0,0.0
7LSS,1,af2,cons,339,G,D,1,-0.5442263978454067,-2.373030661104863,-1.828804263259456,0.0,0.0,0.0
7LSS,1,af2,cons,340,E,E,0,-1.6081000040183284,-2.125110371421158,-0.5170103674028297,0.0,0.0,0.0
7LSS,1,af2,cons,341,V,V,0,-2.819900118601312,-2.5518602492339824,0.2680398693673296,0.0,0.0,0.0
7LSS,1,af2,cons,342,F,F,0,-6.155728973526377,-3.5292865449606476,2.626442428565729,0.0,0.0,0.0
7LSS,1,af2,cons,343,N,N,0,-2.2456184138890003,-2.2895524865728287,-0.04393407268382843,0.0,-2.8006950329922953e-05,-2.8006950329922953e-05
7LSS,1,af2,cons,344,A,A,0,-2.672481134400922,-2.5029037529641496,0.16957738143677226,-0.10812754872022692,-0.09036097947198328,0.017766569248243644
7LSS,1,af2,cons,345,T,T,0,-0.8162965642752471,-2.3861700480470014,-1.5698734837717543,-2.46388264774186,-5.234023005712277,-2.7701403579704174
7LSS,1,af2,cons,346,R,R,0,0.3609830670143449,-1.4442990919014036,-1.8052821589157486,0.0767069952475088,-0.849647933671785,-0.9263549289192938
7LSS,1,af2,cons,347,F,F,0,-0.49253484577054396,-1.1532855216524625,-0.6607506758819185,-3.597381210571505e-06,-4.9721198525249375e-06,-1.3747386419534326e-06
7LSS,1,af2,cons,348,A,A,0,-1.234356780391294,-1.4122814565765651,-0.17792467618527108,0.0,0.0,0.0
7LSS,1,af2,cons,349,S,S,0,-3.1643406105199015,-2.9188972318057496,0.2454433787141519,0.0,0.0,0.0
7LSS,1,af2,cons,350,V,V,0,-1.9512281483818008,-1.0760967149852991,0.8751314333965017,0.0,0.0,0.0
7LSS,1,af2,cons,351,Y,Y,0,-2.9235531100796606,-2.640543324934136,0.28300978514552444,0.0,0.0,0.0
7LSS,1,af2,cons,352,A,A,0,-1.3961494303588886,-1.7451001220430706,-0.348950691684182,0.0,0.0,0.0
7LSS,1,af2,cons,353,W,W,0,-2.9622665139486184,-2.1977497686209952,0.7645167453276231,0.0,0.0,0.0
7LSS,1,af2,cons,354,N,N,0,-1.2426094760319801,-1.2704551468089176,-0.027845670776937448,0.0,0.0,0.0
7LSS,1,af2,cons,355,R,R,0,-2.371546176630964,-3.054326972024382,-0.682780795393418,0.0,0.0,0.0
7LSS,1,af2,cons,356,K,K,0,-3.4851909334881186,-3.5473967786877503,-0.06220584519963168,0.0,0.0,0.0
7LSS,1,af2,cons,357,R,R,0,-2.1950980496239305,-2.2841246311349903,-0.0890265815110598,0.0,0.0,0.0
7LSS,1,af2,cons,358,I,I,0,-5.172979411638959,-5.141717768671583,0.03126164296737599,0.0,0.0,0.0
7LSS,1,af2,cons,359,S,S,0,-2.5727540627687766,-2.533772714845574,0.0389813479232024,0.0,0.0,0.0
7LSS,1,af2,cons,360,N,N,0,-2.9467818304919184,-3.8275911817825587,-0.8808093512906403,0.0,0.0,0.0
7LSS,1,af2,cons,361,C,C,0,-3.607532948325766,-3.7698108901086176,-0.1622779417828517,0.0,0.0,0.0
7LSS,1,af2,cons,362,V,V,0,-4.865313252794929,-4.092491298874697,0.7728219539202321,0.0,0.0,0.0
7LSS,1,af2,cons,363,A,A,0,-1.6927504017075574,-2.134601921316545,-0.4418515196089874,0.0,0.0,0.0
7LSS,1,af2,cons,364,D,D,0,-4.797876244609527,-4.585095076154953,0.2127811684545735,0.0,0.0,0.0
7LSS,1,af2,cons,365,Y,Y,0,-7.814874582256468,-5.1888771453611096,2.625997436895358,0.0,0.0,0.0
7LSS,1,af2,cons,366,S,S,0,-4.098248631739524,-4.8705952396482175,-0.7723466079086938,0.0,0.0,0.0
7LSS,1,af2,cons,367,V,V,0,1.332089201119368,0.14037484903951114,-1.1917143520798568,0.0,0.0,0.0
7LSS,1,af2,cons,368,L,L,0,-5.225681833813439,-3.7485474025662233,1.477134431247216,0.0,0.0,0.0
7LSS,1,af2,cons,369,Y,Y,0,-1.0127427439735235,-2.356923799826648,-1.3441810558531246,0.0,0.0,0.0
7LSS,1,af2,cons,370,N,N,0,-2.015241848424059,-1.8481480567274018,0.16709379169665728,0.0,0.0,0.0
7LSS,1,af2,cons,371,S,L,1,-2.275525929243784,-3.9267512173323627,-1.6512252880885785,0.0,0.0,0.0
7LSS,1,af2,cons,372,A,A,0,1.7344647854311779,-0.08327198019446047,-1.8177367656256385,0.0,0.0,0.0
7LSS,1,af2,cons,373,S,P,1,-2.663534985185593,-3.1356181489146944,-0.4720831637291014,0.0,0.0,0.0
7LSS,1,af2,cons,374,F,F,0,-2.5158322907280395,-0.12941910211380372,2.386413188614236,0.0,0.0,0.0
7LSS,1,af2,cons,375,S,F,1,-0.6294241403737936,-1.5735691630078432,-0.9441450226340496,0.0,0.0,0.0
7LSS,1,af2,cons,376,T,T,0,-1.6520270166232771,-2.541662992672948,-0.8896359760496708,0.0,0.0,0.0
7LSS,1,af2,cons,377,F,F,0,-2.411815991110228,-1.599781346092255,0.812034645017973,0.0,0.0,0.0
7LSS,1,af2,cons,378,K,K,0,-2.816607388097625,-2.473531841733492,0.34307554636413284,0.0,0.0,0.0
7LSS,1,af2,cons,379,C,C,0,-1.4499991922001578,-1.1997147044672642,0.2502844877328936,0.0,0.0,0.0
7LSS,1,af2,cons,380,Y,Y,0,-3.7504361947310376,-3.232747727719887,0.5176884670111508,0.0,0.0,0.0
7LSS,1,af2,cons,381,G,G,0,-1.5632201666723848,-1.337148912485898,0.22607125418648688,0.0,0.0,0.0
7LSS,1,af2,cons,382,V,V,0,-1.2119958290760482,-1.374403226360531,-0.16240739728448284,0.0,0.0,0.0
7LSS,1,af2,cons,383,S,S,0,-2.4883609806364313,-2.3745941395467356,0.1137668410896957,0.0,0.0,0.0
7LSS,1,af2,cons,384,P,P,0,-5.492911812128474,-4.7754052824212945,0.7175065297071797,0.0,0.0,0.0
7LSS,1,af2,cons,385,T,T,0,-1.2500594805943428,-1.7422384130749802,-0.4921789324806374,0.0,0.0,0.0
7LSS,1,af2,cons,386,K,K,0,-2.383303981798684,-2.351822948309703,0.03148103348898079,0.0,0.0,0.0
7LSS,1,af2,cons,387,L,L,0,-6.209911230674479,-5.223395582080226,0.9865156485942528,0.0,0.0,0.0
7LSS,1,af2,cons,388,N,N,0,-2.69316509229704,-1.9438467586852013,0.7493183336118385,0.0,0.0,0.0
7LSS,1,af2,cons,389,D,D,0,-5.571027240206121,-4.538125162349648,1.0329020778564724,0.0,0.0,0.0
7LSS,1,af2,cons,390,L,L,0,-0.597386896720335,-3.7639713045362595,-3.1665844078159244,0.0,0.0,0.0
7LSS,1,af2,cons,391,C,C,0,-1.6290134175028452,-0.1985485459042618,1.4304648715985835,0.0,0.0,0.0
7LSS,1,af2,cons,392,F,F,0,-8.486123930675705,-8.193525493263635,0.29259843741206915,0.0,0.0,0.0
7LSS,1,af2,cons,393,T,T,0,-2.8998610248057815,-4.182371274679542,-1.2825102498737606,0.0,0.0,0.0
7LSS,1,af2,cons,394,N,N,0,-3.5793877410968933,-4.000062010125503,-0.4206742690286096,0.0,0.0,0.0
7LSS,1,af2,cons,395,V,V,0,-7.168144798124409,-6.870061453360161,0.29808334476424836,0.0,0.0,0.0
7LSS,1,af2,cons,396,Y,Y,0,-4.933472774827224,-5.353625334030558,-0.42015255920333416,0.0,0.0,0.0
7LSS,1,af2,cons,397,A,A,0,-2.862819630971364,-2.986778317965919,-0.12395868699455503,0.0,0.0,0.0
7LSS,1,af2,cons,398,D,D,0,-8.130714314494883,-8.110293386438276,0.020420928056607224,0.0,0.0,0.0
7LSS,1,af2,cons,399,S,S,0,-3.8349071950174443,-3.789183376350252,0.04572381866719244,0.0,0.0,0.0
7LSS,1,af2,cons,400,F,F,0,-7.968748830580637,-8.075005219944982,-0.10625638936434534,0.0,0.0,0.0
7LSS,1,af2,cons,401,V,V,0,-4.8894602537491725,-4.453671967292873,0.4357882864562992,0.0,0.0,0.0
7LSS,1,af2,cons,402,I,I,0,-6.46096221433766,-6.148436786206246,0.3125254281314138,0.0,0.0,0.0
7LSS,1,af2,cons,403,R,R,0,-4.317936736178012,-4.337126667237515,-0.019189931059502285,0.0,0.0,0.0
7LSS,1,af2,cons,404,G,G,0,-0.4675774172073105,-1.0018804725023507,-0.5343030552950402,0.0,0.0,0.0
7LSS,1,af2,cons,405,D,D,0,-3.4627817257157556,-3.3821996100559995,0.08058211565975615,0.0,0.0,0.0
7LSS,1,af2,cons,406,E,E,0,-6.653592578006485,-9.285153942754494,-2.631561364748009,0.0,0.0,0.0
7LSS,1,af2,cons,407,V,V,0,-2.615597429486525,-2.1707813347008544,0.44481609478567075,0.0,0.0,0.0
7LSS,1,af2,cons,408,R,R,0,-0.02466832262293084,0.4622502455256336,0.48691856814856443,0.0,0.0,0.0
7LSS,1,af2,cons,409,Q,Q,0,-6.805378301028346,-7.442792583591751,-0.6374142825634044,0.0,0.0,0.0
7LSS,1,af2,cons,410,I,I,0,-3.1287776252676878,-3.2413915180244737,-0.1126138927567859,0.0,0.0,0.0
7LSS,1,af2,cons,411,A,A,0,-0.8726247809046095,-1.3120064118456007,-0.43938163094099125,0.0,0.0,0.0
7LSS,1,af2,cons,412,P,P,0,-5.989152124451778,-6.102951680861763,-0.11379955640998585,0.0,0.0,0.0
7LSS,1,af2,cons,413,G,G,0,-2.921293128370558,-2.1399000803150243,0.7813930480555338,0.0,0.0,0.0
7LSS,1,af2,cons,414,Q,Q,0,-3.2573418224335113,-3.089733023748514,0.16760879868499723,0.0,0.0,0.0
7LSS,1,af2,cons,415,T,T,0,-1.7131976148175172,-1.3680999678041996,0.3450976470133176,0.0,0.0,0.0
7LSS,1,af2,cons,416,G,G,0,-3.0794402126805287,-3.379742289279628,-0.30030207659909935,0.0,0.0,0.0
7LSS,1,af2,cons,417,K,N,1,-0.5546359846012903,-0.22281094567950233,0.33182503892178794,0.0,0.0,0.0
7LSS,1,af2,cons,418,I,I,0,-5.184960672125247,-6.809530079485929,-1.6245694073606813,0.0,0.0,0.0
7LSS,1,af2,cons,419,A,A,0,-2.9951774777809477,-2.1454851585251427,0.849692319255805,0.0,0.0,0.0
7LSS,1,af2,cons,420,D,D,0,-6.3922811970728395,-7.785273425869454,-1.392992228796614,0.0,0.0,0.0
7LSS,1,af2,cons,421,Y,Y,0,-2.8257741408405854,-1.4687334556145013,1.3570406852260841,0.0,0.0,0.0
7LSS,1,af2,cons,422,N,N,0,-3.939013361593564,-4.5026249853252,-0.563611623731636,0.0,0.0,0.0
7LSS,1,af2,cons,423,Y,Y,0,-5.927325425549645,-5.364435276585404,0.5628901489642413,0.0,0.0,0.0
7LSS,1,af2,cons,424,K,K,0,-2.8943749348692926,-2.600084766476473,0.29429016839281985,0.0,0.0,0.0
7LSS,1,af2,cons,425,L,L,0,-5.9689068641128555,-7.098668328088897,-1.1297614639760418,0.0,0.0,0.0
7LSS,1,af2,cons,426,P,P,0,-5.33010639196586,-5.566522514079028,-0.23641612211316865,0.0,0.0,0.0
7LSS,1,af2,cons,427,D,D,0,-2.3032118738058727,-1.2763493300942819,1.0268625437115908,0.0,0.0,0.0
7LSS,1,af2,cons,428,D,D,0,-0.5888761158868947,-0.6642274582105605,-0.0753513423236658,0.0,0.0,0.0
7LSS,1,af2,cons,429,F,F,0,-4.59629169758333,-4.567192236078524,0.02909946150480547,0.0,0.0,0.0
7LSS,1,af2,cons,430,T,T,0,-3.6398315801377605,-2.090575967342478,1.5492556127952826,0.0,0.0,0.0
7LSS,1,af2,cons,431,G,G,0,-5.553667587621962,-4.564599994351847,0.9890675932701143,0.0,0.0,0.0
7LSS,1,af2,cons,432,C,C,0,-3.814005498284538,-3.1786267025132156,0.6353787957713224,0.0,0.0,0.0
7LSS,1,af2,cons,433,V,V,0,-6.49071958976205,-6.456267728164479,0.034451861597570854,0.0,0.0,0.0
7LSS,1,af2,cons,434,I,I,0,-6.3663643672571375,-5.9039289436203966,0.46243542363674095,0.0,0.0,0.0
7LSS,1,af2,cons,435,A,A,0,-6.908347118389927,-5.7654284500051265,1.1429186683848007,0.0,0.0,0.0
7LSS,1,af2,cons,436,W,W,0,-4.470741448694174,-4.9425118323008395,-0.4717703836066658,0.0,0.0,0.0
7LSS,1,af2,cons,437,N,N,0,-2.6905161229142633,-3.4661210589699225,-0.7756049360556592,-1.1449968778231429e-07,1.1104153459246816e-05,1.121865314702913e-05
7LSS,1,af2,cons,438,S,S,0,-4.499171778948084,-4.204510005118235,0.2946617738298496,-5.42377981750386e-05,0.0,5.42377981750386e-05
7LSS,1,af2,cons,439,N,N,0,-2.567878518092373,-1.8447453150891697,0.7231332030032032,-1.894651020921224,-2.158198591429313,-0.2635475705080892
7LSS,1,af2,cons,440,N,K,1,-1.6690052422616959,-1.953523162398778,-0.2845179201370822,-3.4719733941317323,-3.7012436083229057,-0.22927021419117333
7LSS,1,af2,cons,441,L,L,0,-0.799505435043474,-1.1212685644605054,-0.32176312941703133,-2.984549586635448,-2.6820520811419923,0.3024975054934558
7LSS,1,af2,cons,442,D,D,0,-8.789922733885762,-8.82419505163118,-0.034272317745418945,-0.12978960705230003,-0.058752266217369675,0.07103734083493035
7LSS,1,af2,cons,443,S,S,0,-3.1534544277682954,-2.1215309693607347,1.0319234584075607,-1.0750482263090548,-0.1357419993632952,0.9393062269457596
7LSS,1,af2,cons,444,K,K,0,-5.404808712241311,-4.924061070241732,0.48074764199957976,-8.369708402700477,-8.122232734300564,0.24747566839991286
7LSS,1,af2,cons,445,V,V,0,-3.0817955339183656,-0.4978708330901725,2.583924700828193,-10.948160005379819,-5.372128943075383,5.576031062304436
7LSS,1,af2,cons,446,G,S,1,-3.095720040841029,-0.8272457683518517,2.2684742724891773,-0.8843642291940355,-1.162902484784966,-0.2785382555909306
7LSS,1,af2,cons,447,G,G,0,-4.251062700734393,-3.4815299695094555,0.7695327312249378,-1.6829195594209208,-0.3390746206232218,1.343844938797699
7LSS,1,af2,cons,448,N,N,0,-4.495342622553238,-2.5775247242121537,1.9178178983410845,0.12478367007058688,-0.04394211781758192,-0.1687257878881688
7LSS,1,af2,cons,449,Y,Y,0,-2.3735338194625784,0.020255420015994646,2.393789239478573,-0.3925584855339302,0.2484678126481159,0.641026298182046
7LSS,1,af2,cons,450,N,N,0,-0.4396115301050114,-3.3717067344598783,-2.9320952043548667,-0.5871103651423867,-1.6169673084330871,-1.0298569432907003
7LSS,1,af2,cons,451,Y,Y,0,-3.6104644756311974,-6.021505990058691,-2.411041514427494,-0.0012001214212317667,0.0008540302149328505,0.0020541516361646172
7LSS,1,af2,cons,452,L,L,0,-3.547948845306838,-3.4809180821580172,0.06703076314882095,0.0,0.0,0.0
7LSS,1,af2,cons,453,Y,Y,0,-6.295942912658018,-5.4018787973633335,0.8940641152946842,0.0,0.0,0.0
7LSS,1,af2,cons,454,R,R,0,-5.138607509361491,-5.648320255859057,-0.5097127464975655,0.0,0.0,0.0
7LSS,1,af2,cons,455,L,L,0,-3.2689340291025957,-1.7672589981962912,1.5016750309063045,0.0,0.0,0.0
7LSS,1,af2,cons,456,F,F,0,-4.718311130430417,-4.660935328339351,0.057375802091065964,0.0,0.0,0.0
7LSS,1,af2,cons,457,R,R,0,-1.106962566402702,-1.4217353182824384,-0.3147727518797363,0.0,0.0,0.0
7LSS,1,af2,cons,458,K,K,0,-1.3908493637927728,-1.552477321904049,-0.16162795811127628,0.0,0.0,0.0
7LSS,1,af2,cons,459,S,S,0,-1.8212775258477765,-1.7684766878623792,0.05280083798539725,0.0,0.0,0.0
7LSS,1,af2,cons,460,N,N,0,-1.3382926129725061,-1.2834959212223198,0.05479669175018631,0.0,0.0,0.0
7LSS,1,af2,cons,461,L,L,0,-3.7711152310996243,-3.7290861509249473,0.04202908017467699,0.0,0.0,0.0
7LSS,1,af2,cons,462,K,K,0,-2.661720457090309,-2.6875205313128925,-0.025800074222583458,0.0,0.0,0.0
7LSS,1,af2,cons,463,P,P,0,-5.093306044725371,-4.842598743012162,0.2507073017132093,0.0,0.0,0.0
7LSS,1,af2,cons,464,F,F,0,-1.672123997221542,-1.6649064797542328,0.0072175174673092535,0.0,0.0,0.0
7LSS,1,af2,cons,465,E,E,0,-4.839219466466226,-4.911115090950128,-0.07189562448390241,0.0,0.0,0.0
7LSS,1,af2,cons,466,R,R,0,-0.8385550494635962,-1.0282262019361603,-0.18967115247256416,0.0,0.0,0.0
7LSS,1,af2,cons,467,D,D,0,-5.396770851109481,-5.034456260888816,0.3623145902206648,0.0,0.0,0.0
7LSS,1,af2,cons,468,I,I,0,0.8210156628731362,0.4214593744250445,-0.3995562884480917,0.0,0.0,0.0
7LSS,1,af2,cons,469,S,S,0,-3.4385195663034187,-3.286053548445471,0.15246601785794756,0.0,0.0,0.0
7LSS,1,af2,cons,470,T,T,0,-1.0345997489871444,-1.1547499153833027,-0.12015016639615839,0.0,0.0,0.0
7LSS,1,af2,cons,471,E,E,0,-2.949168662642251,-3.3932858968050894,-0.4441172341628383,0.0,0.0,0.0
7LSS,1,af2,cons,472,I,I,0,-2.719345891929454,-3.3223494949256,-0.6030036029961461,0.0,0.0,0.0
7LSS,1,af2,cons,473,Y,Y,0,-5.1714433430698605,-5.222672060980466,-0.05122871791060568,0.0,0.0,0.0
7LSS,1,af2,cons,474,Q,Q,0,-2.309493192850118,-2.994461677176143,-0.6849684843260251,0.0,0.0,0.0
7LSS,1,af2,cons,475,A,A,0,-1.0136747697772464,-1.3991320491590282,-0.38545727938178187,0.0,0.0,0.0
7LSS,1,af2,cons,476,G,G,0,-0.43900044720624437,-0.02873725731126392,0.41026318989498045,0.0,0.0,0.0
7LSS,1,af2,cons,477,S,N,1,-0.4886910742229886,0.3882268781202259,0.8769179523432145,0.0,0.0,0.0
7LSS,1,af2,cons,478,T,K,1,0.3853215207200253,0.44233081838205424,0.057009297662028946,0.0,0.0,0.0
7LSS,1,af2,cons,479,P,P,0,-4.949439041393365,-3.81214674122808,1.137292300165285,0.0,0.0,0.0
7LSS,1,af2,cons,480,C,C,0,0.694511128336382,-0.5904701957303067,-1.2849813240666887,0.0,0.0,0.0
7LSS,1,af2,cons,481,N,N,0,0.14129582313073272,-1.1015817323954982,-1.2428775555262308,0.0,0.0,0.0
7LSS,1,af2,cons,482,G,G,0,-2.5099450265590506,-2.0832768482790476,0.42666817828000303,0.0,0.0,0.0
7LSS,1,af2,cons,483,V,V,0,1.9062656630763366,-0.9492947521353138,-2.8555604152116505,0.0,0.0,0.0
7LSS,1,af2,cons,484,E,A,1,-0.6867236846563118,-1.8169394285483615,-1.1302157438920497,0.0,0.0,0.0
7LSS,1,af2,cons,485,G,G,0,-1.5334648921198466,-2.585684782141181,-1.0522198900213342,0.0,0.0,0.0
7LSS,1,af2,cons,486,F,F,0,2.3661987354759906,3.4419969416096694,1.0757982061336788,0.0,0.0,0.0
7LSS,1,af2,cons,487,N,N,0,-4.305744055429748,-4.683585218986897,-0.37784116355714925,0.0,0.0,0.0
7LSS,1,af2,cons,488,C,C,0,-1.7902705798649194,-1.5112641476240394,0.27900643224088006,0.0,0.0,0.0
7LSS,1,af2,cons,489,Y,Y,0,-4.931630921675505,-4.018444468911605,0.9131864527638998,0.0,0.0,0.0
7LSS,1,af2,cons,490,F,F,0,0.5003781671887101,1.5210070130096423,1.0206288458209323,0.0,0.0,0.0
7LSS,1,af2,cons,491,P,P,0,-7.331547344187288,-7.517110295799778,-0.18556295161249015,0.0,0.0,0.0
7LSS,1,af2,cons,492,L,L,0,-5.061139531651472,-5.516599398079993,-0.4554598664285212,0.0,0.0,0.0
7LSS,1,af2,cons,493,Q,R,1,-4.05193887317237,-3.6665464209525855,0.38539245221978424,0.0,0.0,0.0
7LSS,1,af2,cons,494,S,S,0,-2.378947683822539,-1.0544100423397278,1.3245376414828114,0.0,0.0,0.0
7LSS,1,af2,cons,495,Y,Y,0,-5.010289900514697,-5.0949756907283055,-0.08468579021360867,0.0,0.0,0.0
7LSS,1,af2,cons,496,G,S,1,-1.3480251241856906,-0.8998833926110964,0.44814173157459425,-2.1446255173192957e-06,0.0,2.1446255173192957e-06
7LSS,1,af2,cons,497,F,F,0,-5.8348193408262246,-5.89265597387797,-0.057836633051745245,0.0,0.0,0.0
7LSS,1,af2,cons,498,Q,R,1,-0.4144710464857435,-1.3190855439609128,-0.9046144974751693,-0.43344567121479294,-1.5721984049528448,-1.1387527337380519
7LSS,1,af2,cons,499,P,P,0,-7.07814448220331,-5.679074034780173,1.3990704474231368,-6.727952138792618,-6.090763610935622,0.6371885278569964
7LSS,1,af2,cons,500,T,T,0,-2.813132900597347,-4.253359686239719,-1.440226785642372,-6.979793689509743,-7.980978138636345,-1.001184449126602
7LSS,1,af2,cons,501,N,Y,1,-2.628922360710723,-2.7363570628991316,-0.10743470218840878,-0.7755949180640698,-0.9905909113730185,-0.2149959933089487
7LSS,1,af2,cons,502,G,G,0,0.4569004219276704,0.22720228682225904,-0.22969813510541134,-0.17150928133905224,-0.2826328847991716,-0.11112360346011935
7LSS,1,af2,cons,503,V,V,0,1.5921995539749199,1.3883020581318528,-0.20389749584306704,0.005577419955607512,0.0017001694181812588,-0.003877250537426253
7LSS,1,af2,cons,504,G,G,0,-1.9646977959506722,-1.757620499801966,0.20707729614870618,0.0,0.0,0.0
7LSS,1,af2,cons,505,Y,H,1,-1.7751683051136204,-2.099398366127444,-0.32423006101382335,0.0,0.0,0.0
7LSS,1,af2,cons,506,Q,Q,0,-5.493743939778957,-5.428343049300531,0.06540089047842645,0.2458582011060245,0.1170104689492518,-0.1288477321567727
7LSS,1,af2,cons,507,P,P,0,-7.17395554488059,-7.397090395451926,-0.22313485057133597,0.0,0.0,0.0
7LSS,1,af2,cons,508,Y,Y,0,-3.4015385052851537,-3.3488987349469133,0.05263977033824041,0.0,0.0,0.0
7LSS,1,af2,cons,509,R,R,0,-7.3755328538494025,-7.213408493853596,0.16212435999580688,0.5170581109509257,0.7296272317069388,0.21256912075601309
7LSS,1,af2,cons,510,V,V,0,-6.804845209124182,-6.687599091622083,0.11724611750209935,0.0,0.0,0.0
7LSS,1,af2,cons,511,V,V,0,-7.8770383233977705,-4.320839065677168,3.5561992577206025,0.0,0.0,0.0
7LSS,1,af2,cons,512,V,V,0,-7.236203905611919,-7.199389177124016,0.03681472848790346,0.0,0.0,0.0
7LSS,1,af2,cons,513,L,L,0,-7.966920710436032,-6.55645671617927,1.4104639942567614,0.0,0.0,0.0
7LSS,1,af2,cons,514,S,S,0,-3.9560133577159444,-3.951197910384918,0.004815447331026235,0.0,0.0,0.0
7LSS,1,af2,cons,515,F,F,0,-4.513611617128836,-5.388579935344351,-0.8749683182155152,0.0,0.0,0.0
7LSS,1,af2,cons,516,E,E,0,-4.8510394063017195,-5.97804345951552,-1.1270040532138008,0.0,0.0,0.0
7LSS,1,af2,cons,517,L,L,0,-0.4303176772993004,0.4878807743224388,0.9181984516217392,0.0,0.0,0.0
7LSS,1,af2,cons,518,L,L,0,2.439092990340233,-0.22396803679203708,-2.66306102713227,0.0,0.0,0.0
7LSS,1,af2,cons,519,H,H,0,0.030009529458187467,1.2631058302330718,1.2330963007748843,0.0,0.0,0.0
7LSS,1,af2,cons,520,A,A,0,0.13867180732657602,0.4239023344657362,0.2852305271391602,0.0,0.0,0.0
7LSS,1,af2,cons,521,P,P,0,-3.186591129204791,-3.8456989880058225,-0.6591078588010317,0.0,0.0,0.0
7LSS,1,af2,cons,522,A,A,0,-2.351314019247678,-1.9526324484166935,0.39868157083098454,0.0,0.0,0.0
7LSS,1,af2,cons,523,T,T,0,-4.539025725195204,-5.02093267215324,-0.48190694695803593,0.0,0.0,0.0
7LSS,1,af2,cons,524,V,V,0,-6.176924793221996,-5.393623322574049,0.7833014706479471,0.0,0.0,0.0
7LSS,1,af2,cons,525,C,C,0,-2.4477704701127783,-1.6111230029606554,0.8366474671521229,0.0,0.0,0.0
7LSS,1,af2,cons,526,G,G,0,-2.272622362301582,-1.0603024284531148,1.2123199338484674,0.0,0.0,0.0
7LSS,1,af2,cons,527,P,P,0,-2.32287496924168,-3.905097577859846,-1.5822226086181659,0.0,0.0,0.0
7LSS,1,af2,cons,528,K,K,0,-3.4204818786989875,-1.5584294413452844,1.862052437353703,0.0,0.0,0.0
7LSS,1,af2,cons,529,K,K,0,-0.9085376921315477,-0.75939214157223,0.14914555055931766,0.0,0.0,0.0
7LSS,1,af2,cons,530,S,S,0,-2.407177982445468,-2.2119585989053863,0.19521938354008173,0.0,0.0,0.0
7LSS,1,af2,cons,531,T,T,0,-2.5398572356332156,-2.403130162291784,0.13672707334143164,0.0,0.0,0.0
7LSS,1,af2,cons,532,N,N,0,-0.3631245027115817,-0.37077600264682614,-0.0076514999352444435,0.0,0.0,0.0
7LSS,1,af2,cons,533,L,L,0,-1.1157082019980553,-1.2793445210198486,-0.16363631902179332,0.0,0.0,0.0
7LSS,1,af2,cons,534,V,V,0,-2.022881626311718,-1.8421736449939008,0.18070798131781718,0.0,0.0,0.0
7LSS,1,af2,cons,535,K,K,0,-0.3944596454605862,-0.24453867844792013,0.14992096701266608,0.0,0.0,0.0
7LSS,1,af2,cons,536,N,N,0,-1.0079669073447741,-1.0256322617319833,-0.017665354387209176,0.0,0.0,0.0
7LSS,1,af2,cons,537,K,K,0,-2.0020584837720925,-2.0767433899821337,-0.0746849062100412,0.0,0.0,0.0
7LSS,1,af2,cons,538,C,C,0,-1.8437070034416454,-1.9645274533171155,-0.12082044987547014,0.0,0.0,0.0
7LSS,1,af2,cons,539,V,V,0,-2.709867736816872,-3.0496405548356003,-0.3397728180187283,0.0,0.0,0.0
7LSS,1,af2,cons,540,N,N,0,-3.5874718114297033,-3.590626932288194,-0.0031551208584907897,0.0,0.0,0.0
7LSS,1,af2,cons,541,F,F,0,0.44564446831183924,0.29790732032025025,-0.147737147991589,0.0,0.0,0.0
7LSS,1,af2,free,320,V,V,0,0.647193128358108,0.5442627923987939,-0.10293033595931411,0.0,0.0,0.0
7LSS,1,af2,free,321,Q,Q,0,-0.40160976305767115,-0.5085247812938222,-0.10691501823615102,0.0,0.0,0.0
7LSS,1,af2,free,322,P,P,0,-6.114345433556917,-6.153176586222646,-0.03883115266572901,0.0,0.0,0.0
7LSS,1,af2,free,323,T,T,0,-0.6902943671835494,-0.6367177870481617,0.053576580135387686,0.0,0.0,0.0
7LSS,1,af2,free,324,E,E,0,-2.8311953552116558,-2.6654050925458095,0.1657902626658463,0.0,0.0,0.0
7LSS,1,af2,free,325,S,S,0,-1.4135028673392966,-1.3448353584589299,0.06866750888036677,0.0,0.0,0.0
7LSS,1,af2,free,326,I,I,0,-5.026269287679716,-5.044963923263305,-0.018694635583589303,0.0,0.0,0.0
7LSS,1,af2,free,327,V,V,0,-3.42077664699884,-3.150059778063891,0.27071686893494906,0.0,0.0,0.0
7LSS,1,af2,free,328,R,R,0,-0.18689595679380966,-0.7981305993567902,-0.6112346425629805,0.0,0.0,0.0
7LSS,1,af2,free,329,F,F,0,-3.365017028519529,-3.6057517126396683,-0.24073468412013943,0.0,0.0,0.0
7LSS,1,af2,free,330,P,P,0,-5.331528628829332,-5.249927253348441,0.08160137548089086,0.0,0.0,0.0
7LSS,1,af2,free,331,N,N,0,-0.03616236035391124,-0.5030181602138974,-0.4668557998599862,0.0,0.0,0.0
7LSS,1,af2,free,332,I,I,0,-4.300948574182207,-2.996114754982265,1.3048338191999416,0.0,0.0,0.0
7LSS,1,af2,free,333,T,T,0,-0.47818928501377095,-0.7471287115740817,-0.2689394265603107,0.0,0.0,0.0
7LSS,1,af2,free,334,N,N,0,-2.2849747173786157,-2.1638225421335786,0.12115217524503707,0.0,0.0,0.0
7LSS,1,af2,free,335,L,L,0,-0.45257177286134775,-0.5441736222005458,-0.09160184933919802,0.0,0.0,0.0
7LSS,1,af2,free,336,C,C,0,-2.055907157085494,-2.2147386277307617,-0.1588314706452678,0.0,0.0,0.0
7LSS,1,af2,free,337,P,P,0,-2.8464522876934724,-2.9400087171421116,-0.09355642944863929,0.0,0.0,0.0
7LSS,1,af2,free,338,F,F,0,-4.703056719577095,-4.553875726635977,0.14918099294111808,0.0,0.0,0.0
7LSS,1,af2,free,339,G,D,1,-0.5547383868935372,-2.702494259149334,-2.147755872255797,0.0,0.0,0.0
7LSS,1,af2,free,340,E,E,0,-2.0389796139014074,-2.1374927733459024,-0.09851315944449501,0.0,0.0,0.0
7LSS,1,af2,free,341,V,V,0,-2.95131240691668,-2.6739732215083065,0.27733918540837355,0.0,0.0,0.0
7LSS,1,af2,free,342,F,F,0,-5.899117842947554,-4.721418023839628,1.177699819107926,0.0,0.0,0.0
7LSS,1,af2,free,343,N,N,0,-2.3363969729348524,-2.1114303278001243,0.22496664513472808,0.0,0.0,0.0
7LSS,1,af2,free,344,A,A,0,-2.396046702105977,-1.616109489376198,0.779937212729779,-0.04746852749870935,-0.13247402608819922,-0.08500549858948987
7LSS,1,af2,free,345,T,T,0,-0.7885828777310978,-1.9505777650720062,-1.1619948873409083,-2.64529561329888,-5.351416824626726,-2.7061212113278463
7LSS,1,af2,free,346,R,R,0,0.17103628011946123,-1.180729317193687,-1.3517655973131482,-0.7057263065409749,-0.7896841704410711,-0.08395786390009619
7LSS,1,af2,free,347,F,F,0,-1.994771441248665,-0.8927674043278321,1.102004036920833,0.013495321293743022,-3.8908125680935576e-05,-0.013534229419423957
7LSS,1,af2,free,348,A,A,0,-0.9924169132522862,-1.1235328903529986,-0.13111597710071243,0.0,0.0,0.0
7LSS,1,af2,free,349,S,S,0,-3.2022984241745616,-3.195350364097262,0.006948060077299534,0.0,0.0,0.0
7LSS,1,af2,free,350,V,V,0,-1.6887902000266148,-1.478355516254109,0.21043468377250574,0.0,0.0,0.0
7LSS,1,af2,free,351,Y,Y,0,-2.806806150744145,-2.6728563355494646,0.13394981519468052,0.0,0.0,0.0
7LSS,1,af2,free,352,A,A,0,-1.5431997230304324,-1.5852592097903029,-0.04205948675987048,0.0,0.0,0.0
7LSS,1,af2,free,353,W,W,0,-2.553715019322312,-2.719190393612686,-0.16547537429037407,0.0,0.0,0.0
7LSS,1,af2,free,354,N,N,0,-1.407429914081444,-1.3833594013938084,0.024070512687635492,0.0,0.0,0.0
7LSS,1,af2,free,355,R,R,0,-2.3247892205378804,-2.528010482705435,-0.20322126216755443,0.0,0.0,0.0
7LSS,1,af2,free,356,K,K,0,-2.283637004960499,-3.091504061684598,-0.8078670567240991,0.0,0.0,0.0
7LSS,1,af2,free,357,R,R,0,-2.190338710348879,-2.226510483175362,-0.036171772826483206,0.0,0.0,0.0
7LSS,1,af2,free,358,I,I,0,-5.103286322390965,-5.219396108350525,-0.11610978595955945,0.0,0.0,0.0
7LSS,1,af2,free,359,S,S,0,-2.602330356912914,-2.626116087858384,-0.023785730945469652,0.0,0.0,0.0
7LSS,1,af2,free,360,N,N,0,-2.063641830621274,-3.783818313819963,-1.720176483198689,0.0,0.0,0.0
7LSS,1,af2,free,361,C,C,0,-3.5930331396569786,-3.5587732460332875,0.034259893623691084,0.0,0.0,0.0
7LSS,1,af2,free,362,V,V,0,-4.798828433342348,-4.429779395670227,0.36904903767212094,0.0,0.0,0.0
7LSS,1,af2,free,363,A,A,0,-1.681819286624911,-2.2839904911558664,-0.6021712045309553,0.0,0.0,0.0
7LSS,1,af2,free,364,D,D,0,-4.890740225238416,-4.408892845573832,0.48184737966458346,0.0,0.0,0.0
7LSS,1,af2,free,365,Y,Y,0,-7.682922970245945,-6.2674628286314915,1.4154601416144539,0.0,0.0,0.0
7LSS,1,af2,free,366,S,S,0,-4.194689592433794,-4.3605655308384526,-0.16587593840465864,0.0,0.0,0.0
7LSS,1,af2,free,367,V,V,0,1.31427722348332,-0.1297562005386398,-1.4440334240219599,0.0,0.0,0.0
7LSS,1,af2,free,368,L,L,0,-5.208239814229977,-4.462922505108177,0.7453173091217993,0.0,0.0,0.0
7LSS,1,af2,free,369,Y,Y,0,-0.8940884832774172,-2.180738804961246,-1.2866503216838288,0.0,0.0,0.0
7LSS,1,af2,free,370,N,N,0,-2.029662291151679,-1.7709626311035351,0.2586996600481437,0.0,0.0,0.0
7LSS,1,af2,free,371,S,L,1,-2.2575964720531694,-3.176161735468987,-0.9185652634158177,0.0,0.0,0.0
7LSS,1,af2,free,372,A,A,0,1.7390115861335544,-0.23874953290005269,-1.977761119033607,0.0,0.0,0.0
7LSS,1,af2,free,373,S,P,1,-2.626973331287411,-3.180080225814902,-0.5531068945274913,0.0,0.0,0.0
7LSS,1,af2,free,374,F,F,0,-2.5068087345481334,-0.1362730173378763,2.3705357172102572,0.0,0.0,0.0
7LSS,1,af2,free,375,S,F,1,-0.6751042944396183,-0.3543509397494104,0.3207533546902079,0.0,0.0,0.0
7LSS,1,af2,free,376,T,T,0,-1.604505680395878,-2.1967665639731733,-0.5922608835772953,0.0,0.0,0.0
7LSS,1,af2,free,377,F,F,0,-2.5034812229098917,-2.5563921998020382,-0.05291097689214652,0.0,0.0,0.0
7LSS,1,af2,free,378,K,K,0,-2.8032329564294485,-2.8807031604621,-0.07747020403265159,0.0,0.0,0.0
7LSS,1,af2,free,379,C,C,0,-1.4536549591105041,-1.564093777295883,-0.11043881818537882,0.0,0.0,0.0
7LSS,1,af2,free,380,Y,Y,0,-3.703455263236587,-4.211238400043582,-0.5077831368069949,0.0,0.0,0.0
7LSS,1,af2,free,381,G,G,0,-1.5210580557256559,-1.427389950023685,0.09366810570197082,0.0,0.0,0.0
7LSS,1,af2,free,382,V,V,0,-1.3716113184482315,-1.2830570096170073,0.08855430883122417,0.0,0.0,0.0
7LSS,1,af2,free,383,S,S,0,-2.5071061366309624,-2.7401850283252234,-0.233078891694261,0.0,0.0,0.0
7LSS,1,af2,free,384,P,P,0,-5.592406281097055,-5.560044438518746,0.03236184257830921,0.0,0.0,0.0
7LSS,1,af2,free,385,T,T,0,-1.1507658162131555,-1.8146032132084509,-0.6638373969952953,0.0,0.0,0.0
7LSS,1,af2,free,386,K,K,0,-2.715552314573868,-2.430761637124993,0.2847906774488749,0.0,0.0,0.0
7LSS,1,af2,free,387,L,L,0,-6.091018271955713,-5.526275508723241,0.5647427632324717,0.0,0.0,0.0
7LSS,1,af2,free,388,N,N,0,-2.537216537558163,-2.623843953135965,-0.0866274155778024,0.0,0.0,0.0
7LSS,1,af2,free,389,D,D,0,-5.694563496613629,-5.7011037281492944,-0.006540231535665519,0.0,0.0,0.0
7LSS,1,af2,free,390,L,L,0,-0.5202085726105352,-0.8561271268214893,-0.33591855421095407,0.0,0.0,0.0
7LSS,1,af2,free,391,C,C,0,-1.6941944966078346,-0.7186928492524755,0.9755016473553592,0.0,0.0,0.0
7LSS,1,af2,free,392,F,F,0,-8.334769123248192,-7.760631390652925,0.5741377325952666,0.0,0.0,0.0
7LSS,1,af2,free,393,T,T,0,-2.5819093224899126,-3.9137069939019096,-1.331797671411997,0.0,0.0,0.0
7LSS,1,af2,free,394,N,N,0,-3.5831691983498417,-3.984768562595505,-0.40159936424566345,0.0,0.0,0.0
7LSS,1,af2,free,395,V,V,0,-7.265418714086913,-7.199554992995368,0.06586372109154492,0.0,0.0,0.0
7LSS,1,af2,free,396,Y,Y,0,-5.004193186779522,-5.45214277735905,-0.4479495905795279,0.0,0.0,0.0
7LSS,1,af2,free,397,A,A,0,-3.0240619292155118,-2.9520645723644154,0.07199735685109632,0.0,0.0,0.0
7LSS,1,af2,free,398,D,D,0,-8.05643358819226,-8.122062345853443,-0.06562875766118381,0.0,0.0,0.0
7LSS,1,af2,free,399,S,S,0,-3.682583931955255,-4.608743196659462,-0.9261592647042067,0.0,0.0,0.0
7LSS,1,af2,free,400,F,F,0,-7.96637636496564,-7.729599745955106,0.23677661901053426,0.0,0.0,0.0
7LSS,1,af2,free,401,V,V,0,-4.942492454588672,-4.650908404849758,0.2915840497389137,0.0,0.0,0.0
7LSS,1,af2,free,402,I,I,0,-6.478365973947986,-6.660243643028337,-0.1818776690803503,0.0,0.0,0.0
7LSS,1,af2,free,403,R,R,0,-4.3211439479260765,-4.626675186851651,-0.30553123892557466,0.0,0.0,0.0
7LSS,1,af2,free,404,G,G,0,-0.7920870045587812,-1.221417752591815,-0.42933074803303384,0.0,0.0,0.0
7LSS,1,af2,free,405,D,D,0,-3.4416919203499523,-3.321559422119109,0.12013249823084315,0.0,0.0,0.0
7LSS,1,af2,free,406,E,E,0,-6.372053813033608,-9.618059766618188,-3.2460059535845804,0.0,0.0,0.0
7LSS,1,af2,free,407,V,V,0,-2.3624464623750603,-2.4769594466831935,-0.11451298430813317,0.0,0.0,0.0
7LSS,1,af2,free,408,R,R,0,0.011185485427357034,0.45552759948294025,0.4443421140555832,0.0,0.0,0.0
7LSS,1,af2,free,409,Q,Q,0,-6.836173117011291,-7.56079494696087,-0.7246218299495792,0.0,0.0,0.0
7LSS,1,af2,free,410,I,I,0,-3.5519167494599215,-3.2318000244916543,0.32011672496826726,0.0,0.0,0.0
7LSS,1,af2,free,411,A,A,0,-1.436322830380603,-1.0855840068856955,0.3507388234949076,0.0,0.0,0.0
7LSS,1,af2,free,412,P,P,0,-6.050269916334402,-5.97424357094329,0.07602634539111186,0.0,0.0,0.0
7LSS,1,af2,free,413,G,G,0,-2.284240061394763,-2.1643234578935475,0.11991660350121558,0.0,0.0,0.0
7LSS,1,af2,free,414,Q,Q,0,-3.7279005574041726,-2.9819778015258036,0.745922755878369,0.0,0.0,0.0
7LSS,1,af2,free,415,T,T,0,-1.251760696863463,-1.3754381065852546,-0.12367740972179164,0.0,0.0,0.0
7LSS,1,af2,free,416,G,G,0,-3.279955356967175,-3.347896401348805,-0.06794104438162973,0.0,0.0,0.0
7LSS,1,af2,free,417,K,N,1,-0.38906838256653115,-0.28163609900624165,0.1074322835602895,0.0,0.0,0.0
7LSS,1,af2,free,418,I,I,0,-6.154395296465977,-6.730607789806646,-0.5762124933406687,0.0,0.0,0.0
7LSS,1,af2,free,419,A,A,0,-1.9043852047838672,-2.204950738815438,-0.3005655340315707,0.0,0.0,0.0
7LSS,1,af2,free,420,D,D,0,-7.8812476345241045,-7.59957388652869,0.28167374799541456,0.0,0.0,0.0
7LSS,1,af2,free,421,Y,Y,0,-1.355638502639457,-2.2271393388838026,-0.8715008362443455,0.0,0.0,0.0
7LSS,1,af2,free,422,N,N,0,-4.537279105748799,-4.782603290580327,-0.24532418483152796,0.0,0.0,0.0
7LSS,1,af2,free,423,Y,Y,0,-4.7097185506526795,-5.626391654655189,-0.9166731040025091,0.0,0.0,0.0
7LSS,1,af2,free,424,K,K,0,-3.902960714372017,-2.4182158214617395,1.4847448929102773,0.0,0.0,0.0
7LSS,1,af2,free,425,L,L,0,-6.315835373555108,-7.093311248836088,-0.77747587528098,0.0,0.0,0.0
7LSS,1,af2,free,426,P,P,0,-5.5363381920526535,-5.43764411972532,0.09869407232733352,0.0,0.0,0.0
7LSS,1,af2,free,427,D,D,0,-1.224926533051612,-1.2895813593934624,-0.06465482634185049,0.0,0.0,0.0
7LSS,1,af2,free,428,D,D,0,-0.6361035801036059,-0.6529289740548208,-0.01682539395121485,0.0,0.0,0.0
7LSS,1,af2,free,429,F,F,0,-3.781327245411372,-4.332247749261496,-0.5509205038501239,0.0,0.0,0.0
7LSS,1,af2,free,430,T,T,0,-4.013431635737892,-3.3728040974693956,0.6406275382684967,0.0,0.0,0.0
7LSS,1,af2,free,431,G,G,0,-5.41578428827731,-5.599430044147075,-0.18364575586976528,0.0,0.0,0.0
7LSS,1,af2,free,432,C,C,0,-3.7542672813432936,-3.6572379951789618,0.09702928616433182,0.0,0.0,0.0
7LSS,1,af2,free,433,V,V,0,-6.322967538027612,-6.157977340360724,0.16499019766688772,0.0,0.0,0.0
7LSS,1,af2,free,434,I,I,0,-6.199663206439927,-5.727509934570459,0.47215327186946787,0.0,0.0,0.0
7LSS,1,af2,free,435,A,A,0,-7.045286888029698,-5.971875823302968,1.0734110647267299,0.0,0.0,0.0
7LSS,1,af2,free,436,W,W,0,-3.4543267452642445,-4.251251065399217,-0.796924320134972,0.0,0.0,0.0
7LSS,1,af2,free,437,N,N,0,-3.2185700710629543,-3.56415355631352,-0.3455834852505655,0.0006181729805707894,0.0,-0.0006181729805707894
7LSS,1,af2,free,438,S,S,0,-4.346631301342676,-4.4462998512838965,-0.09966854994122087,-3.267148541297171e-05,0.0,3.267148541297171e-05
7LSS,1,af2,free,439,N,N,0,-1.1695247597041596,-1.5897998271131564,-0.4202750674089968,-1.6879062018535842,-2.2101919229968496,-0.5222857211432654
7LSS,1,af2,free,440,N,K,1,-2.741813384653836,-0.6425138382275503,2.099299546426286,-5.050653477407343,-1.890886922128915,3.1597665552784275
7LSS,1,af2,free,441,L,L,0,-0.715593161134209,-1.422937712215743,-0.7073445510815339,-4.007558677794503,-2.7976002742013875,1.2099584035931152
7LSS,1,af2,free,442,D,D,0,-7.723793060000035,-8.084461409852342,-0.36066834985230667,-0.0580033213573557,-0.011294506837565305,0.04670881451979039
7LSS,1,af2,free,443,S,S,0,-2.160787763908884,-1.242904153880327,0.9178836100285572,-1.0187920942948354,0.18019473098690614,1.1989868252817415
7LSS,1,af2,free,444,K,K,0,-5.726661047426299,-4.249570147066617,1.4770909003596824,-9.619870907879609,-9.519323713522871,0.10054719435673753
7LSS,1,af2,free,445,V,V,0,-2.813688761797898,-0.3011238730871903,2.512564888710708,-10.087673064176766,-6.986526211920344,3.101146852256422
7LSS,1,af2,free,446,G,S,1,-3.050097279353624,-1.6303421243489704,1.4197551550046534,-0.7444180282534902,-1.8918158930397166,-1.1473978647862264
7LSS,1,af2,free,447,G,G,0,-3.9542035006561225,-3.887985372931669,0.06621812772445335,-1.6521762986518689,-1.720339235532733,-0.06816293688086406
7LSS,1,af2,free,448,N,N,0,-4.584843796964538,-3.233460431174354,1.3513833657901841,0.0008218713942277737,0.04198718559990393,0.04116531420567615
7LSS,1,af2,free,449,Y,Y,0,-2.3064998290506864,-1.0252418184416063,1.28125801060908,-0.18218032488688915,-0.39754147222270053,-0.21536114733581138
7LSS,1,af2,free,450,N,N,0,-0.2884079148246085,-2.3818187728306675,-2.093410858006059,-0.6197028355781372,-0.6023102778888866,0.01739255768925063
7LSS,1,af2,free,451,Y,Y,0,-3.653562048980527,-4.609610942689281,-0.9560488937087541,-0.016082269836289628,0.002441427527861565,0.018523697364151194
7LSS,1,af2,free,452,L,L,0,-3.8174663478404898,-3.2528411717508128,0.564625176089677,0.0,0.0,0.0
7LSS,1,af2,free,453,Y,Y,0,-6.1849352500668795,-5.524756023183398,0.6601792268834812,0.0,0.0,0.0
7LSS,1,af2,free,454,R,R,0,-5.359453323636136,-5.513502016200548,-0.15404869256441245,0.0,0.0,0.0
7LSS,1,af2,free,455,L,L,0,-2.518094989927506,-1.7308441345720311,0.7872508553554747,0.0,0.0,0.0
7LSS,1,af2,free,456,F,F,0,-4.595032802121272,-4.480707422625951,0.1143253794953214,0.0,0.0,0.0
7LSS,1,af2,free,457,R,R,0,-1.5153864320758565,-1.1208007739597603,0.39458565811609625,0.0,0.0,0.0
7LSS,1,af2,free,458,K,K,0,-1.5280967929330793,-1.4889303539891081,0.039166438943971205,0.0,0.0,0.0
7LSS,1,af2,free,459,S,S,0,-1.8343567271718437,-1.838272262168889,-0.0039155349970452225,0.0,0.0,0.0
7LSS,1,af2,free,460,N,N,0,-1.3282915119962133,-1.2593282163580137,0.06896329563819958,0.0,0.0,0.0
7LSS,1,af2,free,461,L,L,0,-4.344710870646924,-3.6523884349369635,0.6923224357099609,0.0,0.0,0.0
7LSS,1,af2,free,462,K,K,0,-2.7877930471887336,-2.686015436258952,0.10177761092978166,0.0,0.0,0.0
7LSS,1,af2,free,463,P,P,0,-4.584770692921467,-4.797037488766657,-0.21226679584519026,0.0,0.0,0.0
7LSS,1,af2,free,464,F,F,0,-1.6626864453329318,-1.3837079746627206,0.2789784706702112,0.0,0.0,0.0
7LSS,1,af2,free,465,E,E,0,-5.046103317211659,-5.067112791590839,-0.02100947437917977,0.0,0.0,0.0
7LSS,1,af2,free,466,R,R,0,-1.0172619010434076,-0.9429978506975866,0.07426405034582106,0.0,0.0,0.0
7LSS,1,af2,free,467,D,D,0,-5.256172917538366,-4.9376866451658294,0.31848627237253613,0.0,0.0,0.0
7LSS,1,af2,free,468,I,I,0,0.8303855104907987,0.7438310432384805,-0.08655446725231819,0.0,0.0,0.0
7LSS,1,af2,free,469,S,S,0,-3.409370146245312,-3.4803906674179483,-0.07102052117263646,0.0,0.0,0.0
7LSS,1,af2,free,470,T,T,0,-1.1715934727360773,-1.2466002611075429,-0.07500678837146557,0.0,0.0,0.0
7LSS,1,af2,free,471,E,E,0,-2.9363365120677485,-3.4390816188770974,-0.5027451068093489,0.0,0.0,0.0
7LSS,1,af2,free,472,I,I,0,-3.0026202495498353,-3.3300400642806975,-0.32741981473086224,0.0,0.0,0.0
7LSS,1,af2,free,473,Y,Y,0,-5.104612082655257,-5.07826091602169,0.026351166633567402,0.0,0.0,0.0
7LSS,1,af2,free,474,Q,Q,0,-2.3141575421246414,-2.957477541030702,-0.6433199989060605,0.0,0.0,0.0
7LSS,1,af2,free,475,A,A,0,-1.0907595813321738,-1.495800157376945,-0.4050405760447713,0.0,0.0,0.0
7LSS,1,af2,free,476,G,G,0,-0.3911678071246602,-0.04294340753629866,0.34822439958836154,0.0,0.0,0.0
7LSS,1,af2,free,477,S,N,1,-0.5791501581606185,0.4119233724375678,0.9910735305981864,0.0,0.0,0.0
7LSS,1,af2,free,478,T,K,1,0.3445023959470337,0.4440602444666147,0.099557848519581,0.0,0.0,0.0
7LSS,1,af2,free,479,P,P,0,-4.814024894620785,-3.8036132944259817,1.0104116001948036,0.0,0.0,0.0
7LSS,1,af2,free,480,C,C,0,1.0897140731707764,-0.5539313743980995,-1.643645447568876,0.0,0.0,0.0
7LSS,1,af2,free,481,N,N,0,-0.06808549357690358,-1.0916069695738213,-1.0235214759969178,0.0,0.0,0.0
7LSS,1,af2,free,482,G,G,0,-2.5452153300674825,-2.0641370605597094,0.4810782695077731,0.0,0.0,0.0
7LSS,1,af2,free,483,V,V,0,1.8805227069890549,-0.9411362132114988,-2.8216589202005538,0.0,0.0,0.0
7LSS,1,af2,free,484,E,A,1,-0.6866110387976994,-1.8253274117837353,-1.138716372986036,0.0,0.0,0.0
7LSS,1,af2,free,485,G,G,0,-1.6132369046382398,-2.680010770085612,-1.0667738654473722,0.0,0.0,0.0
7LSS,1,af2,free,486,F,F,0,2.457702299375415,3.434084142338105,0.9763818429626903,0.0,0.0,0.0
7LSS,1,af2,free,487,N,N,0,-4.410229750380053,-4.6590252942044215,-0.24879554382436808,0.0,0.0,0.0
7LSS,1,af2,free,488,C,C,0,-1.5908821078641777,-1.5062870960974906,0.08459501176668716,0.0,0.0,0.0
7LSS,1,af2,free,489,Y,Y,0,-4.966577225700771,-3.885498853092564,1.0810783726082072,0.0,0.0,0.0
7LSS,1,af2,free,490,F,F,0,0.8299231124042139,1.4640315509423272,0.6341084385381133,0.0,0.0,0.0
7LSS,1,af2,free,491,P,P,0,-7.231199793063029,-7.5406889380147355,-0.30948914495170676,0.0,0.0,0.0
7LSS,1,af2,free,492,L,L,0,-5.984458282748691,-5.519639091701125,0.4648191910475665,0.0,0.0,0.0
7LSS,1,af2,free,493,Q,R,1,-2.3836186664127434,-3.715136477874585,-1.3315178114618416,0.0,0.0,0.0
7LSS,1,af2,free,494,S,S,0,-2.5206822659063524,-1.096794812648401,1.4238874532579513,0.0,0.0,0.0
7LSS,1,af2,free,495,Y,Y,0,-4.922833704291399,-4.45667184601913,0.46616185827226886,0.0,0.0,0.0
7LSS,1,af2,free,496,G,S,1,-2.085465696249792,-0.38698584010979775,1.6984798561399943,-5.052786567882189e-08,0.0,5.052786567882189e-08
7LSS,1,af2,free,497,F,F,0,-5.6245596375926254,-5.32655165155356,0.29800798603906564,0.0,0.0,0.0
7LSS,1,af2,free,498,Q,R,1,0.2688678904026097,-1.3641418275758137,-1.6330097179784233,-0.7274547928969227,-2.8854043769278688,-2.157949584030946
7LSS,1,af2,free,499,P,P,0,-5.61530490754445,-6.018141576873553,-0.402836669329103,-6.067030044157883,-6.185388587909515,-0.1183585437516328
7LSS,1,af2,free,500,T,T,0,-4.061414661683833,-4.212378311646968,-0.15096364996313483,-7.472063503992256,-7.6335152881672474,-0.16145178417499118
7LSS,1,af2,free,501,N,Y,1,-2.7096247518148044,-3.1178293078824524,-0.40820455606764794,-1.1521817767922,-1.0838869502496835,0.0682948265425165
7LSS,1,af2,free,502,G,G,0,0.009043403881386636,0.19916395592883807,0.19012055204745143,-0.43563044101621856,-0.3896026708311695,0.046027770185049055
7LSS,1,af2,free,503,V,V,0,1.2074903248201811,1.3769636618076375,0.16947333698745637,0.005399851601516428,-0.0002616219794077531,-0.0056614735809241805
7LSS,1,af2,free,504,G,G,0,-1.8524783675843393,-1.4439370577575061,0.4085413098268331,0.0,0.0,0.0
7LSS,1,af2,free,505,Y,H,1,-1.7414297311892304,-2.218145665398938,-0.4767159342097076,0.0,0.0,0.0
7LSS,1,af2,free,506,Q,Q,0,-5.437906410595996,-5.515135244897112,-0.07722883430111604,0.19410393730669068,0.19235594867208763,-0.0017479886346030427
7LSS,1,af2,free,507,P,P,0,-7.2022902309107675,-7.230054915826528,-0.027764684915760895,0.0,0.0,0.0
7LSS,1,af2,free,508,Y,Y,0,-3.4145559240911467,-3.1822348437256323,0.23232108036551447,0.0,0.0,0.0
7LSS,1,af2,free,509,R,R,0,-6.783535010739248,-7.282035339737818,-0.49850032899856966,-0.4729648320345181,-0.3003278679829542,0.17263696405156392
7LSS,1,af2,free,510,V,V,0,-6.979922899559973,-6.6355237261692075,0.34439917339076587,0.0,0.0,0.0
7LSS,1,af2,free,511,V,V,0,-7.966645111792891,-7.934857434172022,0.031787677620869204,0.0,0.0,0.0
7LSS,1,af2,free,512,V,V,0,-7.191548015106614,-6.937491629306353,0.25405638580026046,0.0,0.0,0.0
7LSS,1,af2,free,513,L,L,0,-7.699866831349681,-8.01794652080721,-0.3180796894575284,0.0,0.0,0.0
7LSS,1,af2,free,514,S,S,0,-3.980668788113763,-4.100930172901363,-0.12026138478760062,0.0,0.0,0.0
7LSS,1,af2,free,515,F,F,0,-4.9548106187238075,-4.8242229899655245,0.130587628758283,0.0,0.0,0.0
7LSS,1,af2,free,516,E,E,0,-4.8523647358109505,-5.909009422129667,-1.0566446863187169,0.0,0.0,0.0
7LSS,1,af2,free,517,L,L,0,-0.4610773107922132,0.6239185105128112,1.0849958213050244,0.0,0.0,0.0
7LSS,1,af2,free,518,L,L,0,2.3343215278878557,-0.08887375128838071,-2.4231952791762366,0.0,0.0,0.0
7LSS,1,af2,free,519,H,H,0,-0.013665856403276777,1.2529591221283811,1.266624978531658,0.0,0.0,0.0
7LSS,1,af2,free,520,A,A,0,0.11937600713151131,0.41369236032015805,0.29431635318864674,0.0,0.0,0.0
7LSS,1,af2,free,521,P,P,0,-3.175915604375114,-3.7853656038430423,-0.6094499994679281,0.0,0.0,0.0
7LSS,1,af2,free,522,A,A,0,-2.2881789164215283,-1.9166849366857184,0.3714939797358099,0.0,0.0,0.0
7LSS,1,af2,free,523,T,T,0,-4.370505325451274,-5.02105148472195,-0.650546159270676,0.0,0.0,0.0
7LSS,1,af2,free,524,V,V,0,-6.142387400205766,-5.960926073237628,0.18146132696813755,0.0,0.0,0.0
7LSS,1,af2,free,525,C,C,0,-2.4524146063156693,-2.0768118022198547,0.3756028040958146,0.0,0.0,0.0
7LSS,1,af2,free,526,G,G,0,-2.16899750407815,-0.9084284977152239,1.260569006362926,0.0,0.0,0.0
7LSS,1,af2,free,527,P,P,0,-2.3166295853675307,-3.8720455684519326,-1.5554159830844019,0.0,0.0,0.0
7LSS,1,af2,free,528,K,K,0,-3.1188439157923082,-1.6272430099789938,1.4916009058133144,0.0,0.0,0.0
7LSS,1,af2,free,529,K,K,0,-0.9869596313764403,-0.9473118494529705,0.03964778192346974,0.0,0.0,0.0
7LSS,1,af2,free,530,S,S,0,-2.3830033323374398,-2.2153162013673406,0.16768713097009913,0.0,0.0,0.0
7LSS,1,af2,free,531,T,T,0,-2.451605259146355,-2.431316239190445,0.020289019955909815,0.0,0.0,0.0
7LSS,1,af2,free,532,N,N,0,-0.34971646598849987,-0.352852802387988,-0.0031363363994881266,0.0,0.0,0.0
7LSS,1,af2,free,533,L,L,0,-1.1758699855494052,-1.157130302017201,0.018739683532204232,0.0,0.0,0.0
7LSS,1,af2,free,534,V,V,0,-2.007699138971925,-1.9106634647971936,0.09703567417473158,0.0,0.0,0.0
7LSS,1,af2,free,535,K,K,0,-0.36656857679621585,-0.2846207715414247,0.08194780525479117,0.0,0.0,0.0
7LSS,1,af2,free,536,N,N,0,-1.0395269670488925,-1.0620507396088916,-0.022523772559999156,0.0,0.0,0.0
7LSS,1,af2,free,537,K,K,0,-1.9929071661195996,-1.517794379568933,0.4751127865506666,0.0,0.0,0.0
7LSS,1,af2,free,538,C,C,0,-1.7149816944836709,-1.974802227966629,-0.2598205334829582,0.0,0.0,0.0
7LSS,1,af2,free,539,V,V,0,-2.75153498517749,-3.138432325212369,-0.38689734003487875,0.0,0.0,0.0
7LSS,1,af2,free,540,N,N,0,-3.6342204769099613,-3.550123166723062,0.08409731018689914,0.0,0.0,0.0
7LSS,1,af2,free,541,F,F,0,0.6319447964885765,0.20138915453386175,-0.43055564195471474,0.0,0.0,0.0
