pdb,antibody,method,constrained,site,wt,om,mutated,wt_tot,om_tot,d_tot,wt_int,om_int,d_int
6XC2,2,rpk,cons,334,N,N,0,-1.7415779805404143,-1.7379662672073044,0.003611713333109945,0.0,0.0,0.0
6XC2,2,rpk,cons,335,L,L,0,-0.710003095976013,-0.7125787676938184,-0.0025756717178054833,0.0,0.0,0.0
6XC2,2,rpk,cons,336,C,C,0,-1.884838545672528,-1.8712013912090584,0.013637154463469692,0.0,0.0,0.0
6XC2,2,rpk,cons,337,P,P,0,-2.635972858858662,-2.652986754624296,-0.017013895765633613,0.0,0.0,0.0
6XC2,2,rpk,cons,338,F,F,0,-5.161142300992379,-5.116819314136059,0.04432298685632041,0.0,0.0,0.0
6XC2,2,rpk,cons,339,G,D,1,0.3019504769092219,-1.8738834886247673,-2.175833965533989,0.0,0.0,0.0
6XC2,2,rpk,cons,340,E,E,0,-1.6384434969207338,-2.0201608786794703,-0.3817173817587365,0.0,0.0,0.0
6XC2,2,rpk,cons,341,V,V,0,-2.549317086059563,-2.5633991057763152,-0.01408201971675238,0.0,0.0,0.0
6XC2,2,rpk,cons,342,F,F,0,-6.490207861145369,-6.335351720500672,0.15485614064469733,0.0,0.0,0.0
6XC2,2,rpk,cons,343,N,N,0,-1.4791634850262092,-1.5972156000436082,-0.11805211501739898,0.0,0.0,0.0
6XC2,2,rpk,cons,344,A,A,0,-1.4772884974222682,-1.4773922880088315,-0.00010379058656329043,0.0,0.0,0.0
6XC2,2,rpk,cons,345,T,T,0,0.3746689034233464,0.38621309153347205,0.011544188110125642,0.0,0.0,0.0
6XC2,2,rpk,cons,346,R,R,0,0.5531963658385466,0.529257498951163,-0.02393886688738356,0.0,0.0,0.0
6XC2,2,rpk,cons,347,F,F,0,-0.7447971388542096,-0.8000889400002081,-0.05529180114599852,0.0,0.0,0.0
6XC2,2,rpk,cons,348,A,A,0,-0.927485107000343,-0.7205770211979692,0.20690808580237385,0.0,0.0,0.0
6XC2,2,rpk,cons,349,S,S,0,-2.893868844663756,-2.972477895393169,-0.07860905072941282,0.0,0.0,0.0
6XC2,2,rpk,cons,350,V,V,0,-1.4526208433925274,-1.4803108364356432,-0.027689993043115813,0.0,0.0,0.0
6XC2,2,rpk,cons,351,Y,Y,0,-2.4506504005176137,-1.8944466316606712,0.5562037688569426,0.0,0.0,0.0
6XC2,2,rpk,cons,352,A,A,0,-1.615346313828438,-1.5124372307472993,0.10290908308113877,0.0,0.0,0.0
6XC2,2,rpk,cons,353,W,W,0,-2.2628653008708133,-2.1473487419177544,0.1155165589530589,0.0,0.0,0.0
6XC2,2,rpk,cons,354,N,N,0,-0.6628100379495405,-0.6718277886886858,-0.009017750739145236,0.0,0.0,0.0
6XC2,2,rpk,cons,355,R,R,0,-0.7897547860696845,-0.5248477874133737,0.26490699865631084,0.0,0.0,0.0
6XC2,2,rpk,cons,356,K,K,0,-2.4052254383674034,-2.402660944066065,0.002564494301338538,0.0,0.0,0.0
6XC2,2,rpk,cons,357,R,R,0,0.2790659837019878,0.26500062069656327,-0.014065363005424547,0.0,0.0,0.0
6XC2,2,rpk,cons,358,I,I,0,-6.022287558422194,-6.041971765300631,-0.01968420687843686,0.0,0.0,0.0
6XC2,2,rpk,cons,359,S,S,0,-2.7060409630408575,-2.716009965146973,-0.009969002106115621,0.0,0.0,0.0
6XC2,2,rpk,cons,360,N,N,0,-0.7732416399004931,-0.741937101752784,0.03130453814770906,0.0,0.0,0.0
6XC2,2,rpk,cons,361,C,C,0,-3.609208679586464,-3.6134276639011165,-0.004218984314652285,0.0,0.0,0.0
6XC2,2,rpk,cons,362,V,V,0,-4.7475629697236545,-4.748991483077243,-0.001428513353588734,0.0,0.0,0.0
6XC2,2,rpk,cons,363,A,A,0,-1.6675041280176508,-1.63503252687457,0.032471601143080786,0.0,0.0,0.0
6XC2,2,rpk,cons,364,D,D,0,-4.662542873667249,-4.644842291640851,0.017700582026398237,0.0,0.0,0.0
6XC2,2,rpk,cons,365,Y,Y,0,-6.74956198833442,-6.745272392599157,0.0042895957352628855,0.0,0.0,0.0
6XC2,2,rpk,cons,366,S,S,0,-4.258782923078403,-4.604385753326225,-0.345602830247822,0.0,0.0,0.0
6XC2,2,rpk,cons,367,V,V,0,1.6752571787110535,1.4492379417133323,-0.2260192369977212,0.0,0.0,0.0
6XC2,2,rpk,cons,368,L,L,0,-4.770166459052408,-4.323792032236437,0.4463744268159715,0.0,0.0,0.0
6XC2,2,rpk,cons,369,Y,Y,0,-1.4930291134174754,-1.357733251193177,0.13529586222429835,0.0,0.0,0.0
6XC2,2,rpk,cons,370,N,N,0,-1.196172304237546,-1.4801131173957398,-0.28394081315819375,0.0,0.0,0.0
6XC2,2,rpk,cons,371,S,F,1,2.2895000846789952,2.9725100874029704,0.6830100027239752,0.0,0.0,0.0
6XC2,2,rpk,cons,372,A,A,0,2.4214898115178882,32.90827737663456,30.48678756511667,0.0,0.0,0.0
6XC2,2,rpk,cons,373,S,P,1,0.9588113038083346,20.36640641503385,19.407595111225515,0.0,0.0,0.0
6XC2,2,rpk,cons,374,F,F,0,-2.0268681644167637,-0.5204284021043115,1.5064397623124521,0.0,0.0,0.0
6XC2,2,rpk,cons,375,S,F,1,-0.21899229431973818,0.284622915121995,0.5036152094417332,0.0,0.0,0.0
6XC2,2,rpk,cons,376,T,A,1,-2.963603478996046,-2.317732580270363,0.6458708987256827,0.0,0.0,0.0
6XC2,2,rpk,cons,377,F,F,0,-0.6414799922151885,-0.3051042298336737,0.3363757623815148,0.0,0.0,0.0
6XC2,2,rpk,cons,378,K,K,0,-2.4203188598271224,-1.2778479433119272,1.1424709165151952,0.0,0.0,0.0
6XC2,2,rpk,cons,379,C,C,0,-0.5694948943012521,-0.9009661397994211,-0.331471245498169,0.0,0.0,0.0
6XC2,2,rpk,cons,380,Y,Y,0,-3.0918022536112257,-3.524711151838688,-0.4329088982274625,0.0,0.0,0.0
6XC2,2,rpk,cons,381,G,G,0,-1.5574649920687578,-1.590954400016063,-0.03348940794730515,0.0,0.0,0.0
6XC2,2,rpk,cons,382,V,V,0,-1.299719604560079,-1.3085913770331132,-0.008871772473034278,0.0,0.0,0.0
6XC2,2,rpk,cons,383,S,S,0,-0.2725258056644756,-0.274799347053143,-0.0022735413886674216,0.0,0.0,0.0
6XC2,2,rpk,cons,384,P,P,0,-3.8860479533601593,-3.982225157938708,-0.09617720457854873,0.0,0.0,0.0
6XC2,2,rpk,cons,385,T,T,0,-0.23299272999796944,-0.21177294229171786,0.021219787706251575,0.0,0.0,0.0
6XC2,2,rpk,cons,386,K,K,0,-2.224549028259664,-2.267740309575444,-0.04319128131577976,0.0,0.0,0.0
6XC2,2,rpk,cons,387,L,L,0,-4.692232788014966,-4.75561409418172,-0.06338130616675386,0.0,0.0,0.0
6XC2,2,rpk,cons,388,N,N,0,-2.4698017839696282,-2.487081763679958,-0.017279979710329574,0.0,0.0,0.0
6XC2,2,rpk,cons,389,D,D,0,-2.4413232653409875,-2.4241594119025414,0.017163853438446175,0.0,0.0,0.0
6XC2,2,rpk,cons,390,L,L,0,0.5376602266556748,0.49943059012642177,-0.03822963652925304,0.0,0.0,0.0
6XC2,2,rpk,cons,391,C,C,0,0.5370599729510117,0.5638570593592824,0.02679708640827072,0.0,0.0,0.0
6XC2,2,rpk,cons,392,F,F,0,-8.110029264023174,-8.08615347397911,0.02387579004406426,0.0,0.0,0.0
6XC2,2,rpk,cons,393,T,T,0,-4.332175549199718,-4.363697054533311,-0.031521505333593325,0.0,0.0,0.0
6XC2,2,rpk,cons,394,N,N,0,-1.066813192627507,-1.0336880034011398,0.03312518922636731,0.0,0.0,0.0
6XC2,2,rpk,cons,395,V,V,0,-5.798431626469949,-5.820951929862756,-0.022520303392806973,0.0,0.0,0.0
6XC2,2,rpk,cons,396,Y,Y,0,-5.724112837323034,-5.931740530699253,-0.2076276933762191,0.0,0.0,0.0
6XC2,2,rpk,cons,397,A,A,0,-2.931826856623049,-2.931375975760143,0.00045088086290601126,0.0,0.0,0.0
6XC2,2,rpk,cons,398,D,D,0,-8.315294652780397,-8.193847641360797,0.12144701141959935,0.0,0.0,0.0
6XC2,2,rpk,cons,399,S,S,0,-4.2065193377544805,-4.16036865375925,0.046150683995230146,0.0,0.0,0.0
6XC2,2,rpk,cons,400,F,F,0,-7.539146461983649,-7.57291701221184,-0.03377055022819064,0.0,0.0,0.0
6XC2,2,rpk,cons,401,V,V,0,-4.752962849820674,-4.98684337914075,-0.23388052932007586,0.0,0.0,0.0
6XC2,2,rpk,cons,402,I,I,0,-5.827477934408849,-5.829399776877063,-0.001921842468213697,0.0,0.0,0.0
6XC2,2,rpk,cons,403,R,R,0,-0.903492060141386,-3.523299089340105,-2.6198070291987188,0.17848225554514752,0.5137081488858253,0.33522589334067776
6XC2,2,rpk,cons,404,G,G,0,-0.996189819726359,-0.8028224153555257,0.19336740437083333,0.0,0.0,0.0
6XC2,2,rpk,cons,405,D,N,1,-2.163598321201236,-1.486649416780221,0.6769489044210153,-0.4639787700102033,-1.0817247302987345,-0.6177459602885311
6XC2,2,rpk,cons,406,E,E,0,-6.0359708353860775,-7.031049343949933,-0.9950785085638554,-0.010865674677456926,-0.015946843781780465,-0.005081169104323539
6XC2,2,rpk,cons,407,V,V,0,-3.1728906107814163,-3.629057814368974,-0.4561672035875577,0.0,0.0,0.0
6XC2,2,rpk,cons,408,R,S,1,0.5226581453796753,-0.45544213638859815,-0.9781002817682733,-1.9265588526605355,-0.1296640225541995,1.796894830106336
6XC2,2,rpk,cons,409,Q,Q,0,-6.34828766529892,-6.2790917315838595,0.0691959337150605,0.0024695278374117433,0.004850390478741931,0.002380862641330188
6XC2,2,rpk,cons,410,I,I,0,-4.065663177282535,-4.2062851695839925,-0.14062199230145733,0.0,0.0,0.0
6XC2,2,rpk,cons,411,A,A,0,-0.8602775175235788,-0.8360635700448205,0.02421394747875838,0.0,0.0,0.0
6XC2,2,rpk,cons,412,P,P,0,-5.904682919219671,-5.83046838403944,0.07421453518023124,0.0,0.0,0.0
6XC2,2,rpk,cons,413,G,G,0,-1.6832248552040743,-1.655017158490768,0.02820769671330625,0.0,0.0,0.0
6XC2,2,rpk,cons,414,Q,Q,0,-3.349162211565074,-3.346940812044719,0.0022213995203550496,-0.0008260941699565153,-0.0007672445485468679,5.8849621409647404e-05
6XC2,2,rpk,cons,415,T,T,0,-1.6879270267206716,-1.6023034752904324,0.08562355143023925,-0.7338250824898427,-0.815405307314509,-0.08158022482466631
6XC2,2,rpk,cons,416,G,G,0,-2.7771103896627465,-3.022409525479433,-0.2452991358166865,-0.8397896902509556,-1.0473238198814094,-0.2075341296304538
6XC2,2,rpk,cons,417,K,N,1,1.1514604595688533,-0.5733683969308413,-1.7248288564996948,-3.9824433062833453,-0.48619212792077093,3.4962511783625745
6XC2,2,rpk,cons,418,I,I,0,-5.463456067806818,-5.320517559894303,0.14293850791251472,-0.001953147131737008,0.0020879021734972357,0.004041049305234244
6XC2,2,rpk,cons,419,A,A,0,-2.2369948998213793,-2.142731309691906,0.0942635901294735,0.0018503186439292616,0.0018950129756709565,4.469433174169495e-05
6XC2,2,rpk,cons,420,D,D,0,-6.694666900055875,-7.017184752820042,-0.3225178527641672,-2.538849875419586,-2.5000627253239944,0.03878715009559164
6XC2,2,rpk,cons,421,Y,Y,0,-2.396006089911318,-2.2979227715863475,0.0980833183249703,-1.0446481488804191,-1.1380542093592254,-0.09340606047880629
6XC2,2,rpk,cons,422,N,N,0,-3.8191335593328857,-3.995014617620143,-0.1758810582872572,0.0,0.0,0.0
6XC2,2,rpk,cons,423,Y,Y,0,-5.746837241909178,-5.639680329748772,0.10715691216040657,0.0,0.0,0.0
6XC2,2,rpk,cons,424,K,K,0,-1.8261655664973513,-1.941573366067101,-0.11540779956974978,0.025326650670687706,0.03394059139597282,0.008613940725285117
6XC2,2,rpk,cons,425,L,L,0,-5.869140059404302,-5.887566955953855,-0.01842689654955354,0.0,0.0,0.0
6XC2,2,rpk,cons,426,P,P,0,-5.328314713534348,-5.260323732102048,0.06799098143229987,0.0,0.0,0.0
6XC2,2,rpk,cons,427,D,D,0,-1.7781669957892547,-1.729000865242125,0.049166130547129816,0.0,0.0,0.0
6XC2,2,rpk,cons,428,D,D,0,-0.3290935899297147,-0.33908299079386106,-0.009989400864146347,0.0,0.0,0.0
6XC2,2,rpk,cons,429,F,F,0,-4.6507731099525245,-4.632238415930566,0.018534694021958842,0.0,0.0,0.0
6XC2,2,rpk,cons,430,T,T,0,-1.6081124086828535,-1.673479340578506,-0.06536693189565246,0.0,0.0,0.0
6XC2,2,rpk,cons,431,G,G,0,-4.159325193143847,-4.024888103397229,0.1344370897466174,0.0,0.0,0.0
6XC2,2,rpk,cons,432,C,C,0,-2.5732949466819424,-2.510916711819521,0.06237823486242133,0.0,0.0,0.0
6XC2,2,rpk,cons,433,V,V,0,-6.467198355856836,-6.136158678642047,0.33103967721478966,0.0,0.0,0.0
6XC2,2,rpk,cons,434,I,I,0,-7.748533182895274,-7.773302956055542,-0.024769773160267405,0.0,0.0,0.0
6XC2,2,rpk,cons,435,A,A,0,-7.176850484711602,-7.071830701697575,0.10501978301402737,0.0,0.0,0.0
6XC2,2,rpk,cons,436,W,W,0,-3.7864899170124193,-3.141564682983938,0.6449252340284812,0.0,0.0,0.0
6XC2,2,rpk,cons,437,N,N,0,-2.4776622535590493,-2.4286740545471117,0.04898819901193763,0.0,0.0,0.0
6XC2,2,rpk,cons,438,S,S,0,-4.155221698903092,-4.1241903153455155,0.031031383557576397,0.0,0.0,0.0
6XC2,2,rpk,cons,439,N,N,0,-1.0571030038888554,-0.9535660782107304,0.103536925678125,0.0,0.0,0.0
6XC2,2,rpk,cons,440,N,K,1,-0.4874780218390564,-0.512302685757368,-0.024824663918311618,0.0,0.0,0.0
6XC2,2,rpk,cons,441,L,L,0,-0.10102435383041866,-0.17659483563808617,-0.07557048180766751,0.0,0.0,0.0
6XC2,2,rpk,cons,442,D,D,0,-8.240902980523325,-8.637973241198441,-0.3970702606751164,0.0,0.0,0.0
6XC2,2,rpk,cons,443,S,S,0,-0.20256589307662917,-0.4347827808880506,-0.23221688781142144,0.0,0.0,0.0
6XC2,2,rpk,cons,444,K,K,0,-0.532744855323634,-0.6218975897167844,-0.08915273439315041,0.0,0.0,0.0
6XC2,2,rpk,cons,445,V,V,0,1.7119795157186477,0.950864642318789,-0.7611148733998587,0.0,0.0,0.0
6XC2,2,rpk,cons,448,N,N,0,-1.6743152412564424,-1.2027725937601639,0.4715426474962785,-0.0626114308124489,-0.08902341467817151,-0.02641198386572262
6XC2,2,rpk,cons,449,Y,Y,0,3.7875656646936013,4.219788798577541,0.43222313388393996,0.0,0.0,0.0
6XC2,2,rpk,cons,450,N,N,0,2.582119293778993,2.8861545375218784,0.30403524374288526,0.0,0.0,0.0
6XC2,2,rpk,cons,451,Y,Y,0,-4.592839794578847,-3.8207900113830133,0.7720497831958335,0.0,0.0,0.0
6XC2,2,rpk,cons,452,L,Q,1,-4.738361787580724,-4.966385616329869,-0.22802382874914517,0.0,0.0,0.0
6XC2,2,rpk,cons,453,Y,Y,0,-5.75658300504888,-6.369014940730256,-0.6124319356813759,-0.05090520746774904,-2.0306755559216625,-1.9797703484539135
6XC2,2,rpk,cons,454,R,R,0,-4.633431735761152,-4.663816601791353,-0.030384866030201074,-0.06679023847114832,-0.07307029573630776,-0.006280057265159442
6XC2,2,rpk,cons,455,L,L,0,-4.613540622432102,-4.280952187204784,0.3325884352273176,-7.1626383457609135,-6.3755181180838445,0.787120227677069
6XC2,2,rpk,cons,456,F,F,0,-4.256507072497944,-4.051270225956496,0.2052368465414478,-3.7355725437159144,-3.2008283799038293,0.5347441638120851
6XC2,2,rpk,cons,457,R,R,0,-0.4002258341857352,-0.561121032214458,-0.16089519802872276,-0.3428318985845604,-0.3386207239976714,0.004211174586889022
6XC2,2,rpk,cons,458,K,K,0,-0.0669601746579338,-0.11949973486974219,-0.05253956021180839,0.0021217479476531853,0.00039111253814316793,-0.0017306354095100174
6XC2,2,rpk,cons,459,S,S,0,-2.0075402457740825,-2.0025391573943194,0.005001088379763097,-0.3630372946312459,-0.389288730168632,-0.026251435537386125
6XC2,2,rpk,cons,460,N,N,0,-1.2474458522028948,-1.2129282522503824,0.03451759995251247,-1.1397825747712695,-1.0887475695018658,0.051035005269403744
6XC2,2,rpk,cons,461,L,L,0,-4.185824268856857,-4.068650669231444,0.11717359962541263,0.0,0.0,0.0
6XC2,2,rpk,cons,462,K,K,0,-2.732695269463079,-2.732608952163007,8.63173000720252e-05,0.0,0.0,0.0
6XC2,2,rpk,cons,463,P,P,0,-4.599399671384145,-4.565864754449784,0.03353491693436084,0.0,0.0,0.0
6XC2,2,rpk,cons,464,F,F,0,-1.745548966395233,-1.9597075135665347,-0.21415854717130167,0.0,0.0,0.0
6XC2,2,rpk,cons,465,E,E,0,-4.489886395923766,-4.470939501778737,0.018946894145028814,0.0,0.0,0.0
6XC2,2,rpk,cons,466,R,R,0,-1.6010035442857313,-1.6346381426913854,-0.03363459840565408,0.0,0.0,0.0
6XC2,2,rpk,cons,467,D,D,0,-4.202980745128809,-4.095135701425971,0.10784504370283798,0.0,0.0,0.0
6XC2,2,rpk,cons,468,I,I,0,0.5297954499506485,0.5635425948842718,0.033747144933623296,0.0,0.0,0.0
6XC2,2,rpk,cons,469,S,S,0,-3.6135874614904226,-3.5039491117626054,0.10963834972781727,0.0,0.0,0.0
6XC2,2,rpk,cons,470,T,T,0,-1.4588159233071964,-1.4980084397943743,-0.03919251648717781,0.0,0.0,0.0
6XC2,2,rpk,cons,471,E,E,0,-1.0588091647005944,-1.1302474455370122,-0.07143828083641779,0.0,0.0,0.0
6XC2,2,rpk,cons,472,I,I,0,-2.8416045516435515,-2.9831080506722585,-0.14150349902870696,0.0,0.0,0.0
6XC2,2,rpk,cons,473,Y,Y,0,-4.429641298142819,-4.583472906941781,-0.15383160879896174,-1.8241452104199263,-1.9304184204813177,-0.10627321006139145
6XC2,2,rpk,cons,474,Q,Q,0,-1.7478053177504933,-1.850410209156354,-0.1026048914058606,0.19969749900301081,0.19031872371002076,-0.009378775292990055
6XC2,2,rpk,cons,475,A,A,0,-2.2775525241235064,-2.2749485966655376,0.00260392745796878,-2.721765957681198,-2.629969007212447,0.0917969504687508
6XC2,2,rpk,cons,476,G,G,0,-2.108023071283273,-2.081687799412729,0.026335271870543853,-1.456042795255978,-1.4496972991095813,0.006345496146396679
6XC2,2,rpk,cons,477,S,N,1,-0.26311648544750454,0.7254469520964231,0.9885634375439276,0.09536184553959205,0.44345720620533163,0.3480953606657396
6XC2,2,rpk,cons,478,T,K,1,0.6701743268915827,0.5170381882941159,-0.1531361385974669,-5.5400460352397415e-05,-1.1478913235229613e-05,4.39215471171678e-05
6XC2,2,rpk,cons,479,P,P,0,-4.728543338048484,-4.495902314493984,0.23264102355449978,0.0,0.0,0.0
6XC2,2,rpk,cons,480,C,C,0,0.41470839558247874,0.38619888142004755,-0.028509514162431193,0.0,0.0,0.0
6XC2,2,rpk,cons,481,N,N,0,-1.0659530013341136,-1.103403585776622,-0.03745058444250837,0.0,0.0,0.0
6XC2,2,rpk,cons,482,G,G,0,-2.019783084388507,-2.051716791061949,-0.031933706673441975,0.0,0.0,0.0
6XC2,2,rpk,cons,483,V,V,0,-1.0222408399382743,-0.971505985757387,0.0507348541808873,0.0,0.0,0.0
6XC2,2,rpk,cons,484,E,A,1,-2.7292544498121507,-1.5183354601011425,1.2109189897110082,-0.025109595527052858,-7.626269828332131e-05,0.025033332828769538
6XC2,2,rpk,cons,485,G,G,0,-1.4014466721367387,-1.9617624729376075,-0.5603158008008688,0.0,-0.000516429465153994,-0.000516429465153994
6XC2,2,rpk,cons,486,F,F,0,2.2766395514444784,2.2222609384275307,-0.054378613016947686,-2.5330586381188738,-2.5443784251204593,-0.011319787001585535
6XC2,2,rpk,cons,487,N,N,0,-5.877458460951093,-5.8647125746435,0.012745886307593324,-1.5029737278172663,-1.494018100103306,0.008955627713960412
6XC2,2,rpk,cons,488,C,C,0,1.3020555068177666,0.5841444002401336,-0.717911106577633,-5.766786112514641e-07,-0.0012035037685420107,-0.0012029270899307594
6XC2,2,rpk,cons,489,Y,Y,0,-6.0096595154183605,-4.717005489331456,1.2926540260869048,-4.53295324392896,-4.282671699409777,0.25028154451918283
6XC2,2,rpk,cons,490,F,F,0,0.15123951882273085,1.0334162467314019,0.882176727908671,0.2552209243312106,-0.019920550993147833,-0.2751414753243584
6XC2,2,rpk,cons,491,P,P,0,-6.3041300249616725,-6.644764886040933,-0.3406348610792609,0.0,0.0,0.0
6XC2,2,rpk,cons,492,L,L,0,-4.461798580109356,-4.994156572095575,-0.5323579919862187,0.01000679814633934,0.0,-0.01000679814633934
6XC2,2,rpk,cons,493,Q,R,1,-4.35004335248457,-3.7977489745168382,0.5522943779677316,-3.615165564513707,-2.325414510875875,1.2897510536378323
6XC2,2,rpk,cons,494,S,S,0,-1.6117908652572313,-1.0940301836831128,0.5177606815741185,-0.17951957427727097,0.2988546914123972,0.4783742656896681
6XC2,2,rpk,cons,495,Y,Y,0,-3.983602210715058,-1.4283415696155972,2.555260641099461,-0.37619868751503444,-0.5288728983993678,-0.15267421088433336
6XC2,2,rpk,cons,496,G,G,0,-1.994384559509077,2.136716365882463,4.131100925391539,-5.814121702797777,-3.1696925053254237,2.6444291974723537
6XC2,2,rpk,cons,497,F,F,0,-1.3454106383111326,-1.4666316957913175,-0.12122105748018486,0.26558296900298994,-0.041159123977874204,-0.30674209298086413
6XC2,2,rpk,cons,498,Q,R,1,-1.4469976448752806,1.3180898243510815,2.765087469226362,-1.5648915375114167,-0.11989039336787988,1.4450011441435369
6XC2,2,rpk,cons,499,P,P,0,-4.470316934185604,-4.063449711149386,0.40686722303621803,0.0,0.0,0.0
6XC2,2,rpk,cons,500,T,T,0,-0.05367647464499678,0.46690682328584815,0.5205832979308449,-1.3884332084047906,-0.8699535663181874,0.5184796420866031
6XC2,2,rpk,cons,501,N,Y,1,-4.02755437210618,1.3187805200708473,5.346334892177027,-4.1553472061519505,-4.26122490391604,-0.10587769776408962
6XC2,2,rpk,cons,502,G,G,0,-1.8989333507709398,-2.0641198683057005,-0.16518651753476066,-2.53298230622179,-2.498520448073437,0.03446185814835312
6XC2,2,rpk,cons,503,V,V,0,1.821879549824938,1.977940978942709,0.15606142911777088,-0.1757795749726054,-0.19010127283715128,-0.014321697864545874
6XC2,2,rpk,cons,504,G,G,0,-1.9165517883901773,-1.7913796800827617,0.12517210830741554,-0.18218355667663155,-0.16773556891903801,0.014447987757593539
6XC2,2,rpk,cons,505,Y,H,1,-4.757870912832109,-1.6071061941719134,3.150764718660196,-9.917105614137364,-2.4015510707659677,7.515554543371397
6XC2,2,rpk,cons,506,Q,Q,0,-4.89932394144712,-4.599208592059555,0.300115349387565,0.0,0.0,0.0
6XC2,2,rpk,cons,507,P,P,0,-7.501550048286817,-7.413676040661935,0.08787400762488229,0.0,0.0,0.0
6XC2,2,rpk,cons,508,Y,Y,0,-3.1246405571051104,-4.291716778002317,-1.1670762208972065,0.0,0.0,0.0
6XC2,2,rpk,cons,509,R,R,0,-5.610629611361623,-5.434878545149913,0.17575106621170988,0.0,0.0,0.0
6XC2,2,rpk,cons,510,V,V,0,-5.8870005114974315,-6.116842888850169,-0.22984237735273716,0.0,0.0,0.0
6XC2,2,rpk,cons,511,V,V,0,-7.603817051682773,-7.64139635147962,-0.03757929979684693,0.0,0.0,0.0
6XC2,2,rpk,cons,512,V,V,0,-7.250319894073647,-7.258562878208554,-0.008242984134906983,0.0,0.0,0.0
6XC2,2,rpk,cons,513,L,L,0,-7.670002135597511,-7.689857890207516,-0.01985575461000444,0.0,0.0,0.0
6XC2,2,rpk,cons,514,S,S,0,-3.54597564586616,-3.583936403769504,-0.03796075790334408,0.0,0.0,0.0
6XC2,2,rpk,cons,515,F,F,0,-5.5018065725247665,-5.459465333407827,0.0423412391169391,0.0,0.0,0.0
6XC2,2,rpk,cons,516,E,E,0,-4.41951142425951,-4.47923239010021,-0.059720965840699414,0.0,0.0,0.0
6XC2,2,rpk,cons,517,L,L,0,0.4483628452395524,0.4298738270453083,-0.01848901819424409,0.0,0.0,0.0
6XC2,2,rpk,cons,518,L,L,0,-1.362640949016618,-1.3705174774785691,-0.007876528461951082,0.0,0.0,0.0
6XC2,2,rpk,cons,519,H,H,0,2.0546304092874044,2.0395913106705508,-0.015039098616853597,0.0,0.0,0.0
6XC2,2,rpk,cons,520,A,A,0,-0.42060508849035605,-0.41865200631142213,0.0019530821789339181,0.0,0.0,0.0
6XC2,2,rpk,cons,521,P,P,0,-3.759257904432656,-3.7622960126789358,-0.0030381082462795916,0.0,0.0,0.0
6XC2,2,rpk,cons,522,A,A,0,-1.6870508260280537,-1.699401826531818,-0.012351000503764364,0.0,0.0,0.0
6XC2,2,rpk,cons,523,T,T,0,-3.0002070606746787,-2.9945083595546107,0.005698701120067984,0.0,0.0,0.0
6XC2,2,rpk,cons,524,V,V,0,-5.528068235412697,-5.532177977934963,-0.00410974252226648,0.0,0.0,0.0
6XC2,2,rpk,cons,525,C,C,0,-0.7221474524932624,-0.7164004091538302,0.005747043339432212,0.0,0.0,0.0
6XC2,2,rpk,cons,526,G,G,0,-0.42342308594133865,-0.42176700579689297,0.0016560801444456819,0.0,0.0,0.0
6XC2,2,rpk,cons,527,P,P,0,-3.3586250179853385,-3.371101447173735,-0.01247642918839631,0.0,0.0,0.0
6XC2,2,rpk,cons,528,K,K,0,0.6542145168963516,0.6503030836032957,-0.003911433293055877,0.0,0.0,0.0
6XC2,2,rpk,free,334,N,N,0,-1.7127406133546503,-1.589982006025658,0.12275860732899235,0.0,0.0,0.0
6XC2,2,rpk,free,335,L,L,0,-1.1091540729348377,-0.9565582662632094,0.1525958066716283,0.0,0.0,0.0
6XC2,2,rpk,free,336,C,C,0,-2.1442996085823367,-1.957426989586995,0.1868726189953418,0.0,0.0,0.0
6XC2,2,rpk,free,337,P,P,0,-2.980922811803799,-2.749248204144551,0.23167460765924774,0.0,0.0,0.0
6XC2,2,rpk,free,338,F,F,0,-5.3880415537803135,-5.199397454456541,0.18864409932377235,0.0,0.0,0.0
6XC2,2,rpk,free,339,G,D,1,0.5066293943854023,-1.741933483935616,-2.2485628783210183,0.0,0.0,0.0
6XC2,2,rpk,free,340,E,E,0,-1.8564575846120455,-2.1465143808777194,-0.29005679626567393,0.0,0.0,0.0
6XC2,2,rpk,free,341,V,V,0,-3.0089112779834437,-3.09302084506384,-0.08410956708039619,0.0,0.0,0.0
6XC2,2,rpk,free,342,F,F,0,-6.676502556550523,-5.960372792007172,0.7161297645433509,0.0,0.0,0.0
6XC2,2,rpk,free,343,N,N,0,-1.3771530769401312,-1.5378091267974288,-0.16065604985729753,0.0,0.0,0.0
6XC2,2,rpk,free,344,A,A,0,-2.222506260259807,-2.209578653557513,0.012927606702294092,0.0,0.0,0.0
6XC2,2,rpk,free,345,T,T,0,0.18105176831680975,0.34140161318159656,0.16034984486478682,0.0,0.0,0.0
6XC2,2,rpk,free,346,R,R,0,0.6573352510841808,1.4374463761324237,0.7801111250482429,0.0,0.0,0.0
6XC2,2,rpk,free,347,F,F,0,0.25299968594830313,-0.6535310474950973,-0.9065307334434004,0.0,0.0,0.0
6XC2,2,rpk,free,348,A,A,0,-1.019133181241648,-1.0559859984164077,-0.036852817174759744,0.0,0.0,0.0
6XC2,2,rpk,free,349,S,S,0,-3.0459508103795123,-2.308299836206423,0.7376509741730892,0.0,0.0,0.0
6XC2,2,rpk,free,350,V,V,0,-1.6390839336698593,-1.4224999291816853,0.21658400448817394,0.0,0.0,0.0
6XC2,2,rpk,free,351,Y,Y,0,-2.5935753503112307,-2.4655100225296227,0.12806532778160795,0.0,0.0,0.0
6XC2,2,rpk,free,352,A,A,0,-1.8594855292825145,-1.3155662816955827,0.5439192475869319,0.0,0.0,0.0
6XC2,2,rpk,free,353,W,W,0,-1.8710095185397377,-1.9207034915841006,-0.04969397304436285,0.0,0.0,0.0
6XC2,2,rpk,free,354,N,N,0,-0.6741948171622051,-0.655161121846963,0.019033695315242127,0.0,0.0,0.0
6XC2,2,rpk,free,355,R,R,0,-1.0558240185946657,-1.088309933925092,-0.03248591533042622,0.0,0.0,0.0
6XC2,2,rpk,free,356,K,K,0,-2.6624775426213656,-2.5380188652184703,0.12445867740289529,0.0,0.0,0.0
6XC2,2,rpk,free,357,R,R,0,0.26857084528158504,0.21775751017852663,-0.05081333510305841,0.0,0.0,0.0
6XC2,2,rpk,free,358,I,I,0,-5.992864817747303,-6.016253397502772,-0.023388579755469152,0.0,0.0,0.0
6XC2,2,rpk,free,359,S,S,0,-2.6162563941126105,-2.6617627342480024,-0.0455063401353919,0.0,0.0,0.0
6XC2,2,rpk,free,360,N,N,0,-1.4108751889302118,-1.3042164910144047,0.10665869791580707,0.0,0.0,0.0
6XC2,2,rpk,free,361,C,C,0,-3.4892241264115067,-3.550833394325572,-0.0616092679140654,0.0,0.0,0.0
6XC2,2,rpk,free,362,V,V,0,-4.3194847896227735,-4.433773042398708,-0.11428825277593457,0.0,0.0,0.0
6XC2,2,rpk,free,363,A,A,0,-2.0732293640493213,-2.0975102190762374,-0.024280855026916015,0.0,0.0,0.0
6XC2,2,rpk,free,364,D,D,0,-4.686428406838486,-4.465503259158898,0.22092514767958793,0.0,0.0,0.0
6XC2,2,rpk,free,365,Y,Y,0,-7.4172252853051,-7.0945865353886015,0.3226387499164982,0.0,0.0,0.0
6XC2,2,rpk,free,366,S,S,0,-5.4302699038754065,-5.472940904736311,-0.042671000860904584,0.0,0.0,0.0
6XC2,2,rpk,free,367,V,V,0,1.292734339750221,0.9573759439495124,-0.3353583958007085,0.0,0.0,0.0
6XC2,2,rpk,free,368,L,L,0,-6.5019924910819835,-5.512752574163675,0.9892399169183088,0.0,0.0,0.0
6XC2,2,rpk,free,369,Y,Y,0,-1.6741030445601321,-1.5628850296725232,0.11121801488760896,0.0,0.0,0.0
6XC2,2,rpk,free,370,N,N,0,1.115275794815259,-0.9189321060469708,-2.0342079008622296,0.0,0.0,0.0
6XC2,2,rpk,free,371,S,F,1,1.4190082771825954,0.8767846377439072,-0.5422236394386881,0.0,0.0,0.0
6XC2,2,rpk,free,372,A,A,0,1.3936852640364517,33.80617728350188,32.41249201946543,0.0,0.0,0.0
6XC2,2,rpk,free,373,S,P,1,0.30441976344115246,18.140268998625018,17.835849235183865,0.0,0.0,0.0
6XC2,2,rpk,free,374,F,F,0,-2.090899978724891,0.10943023987226241,2.200330218597154,0.0,0.0,0.0
6XC2,2,rpk,free,375,S,F,1,-0.6352647459327214,0.05782605369388209,0.6930907996266035,0.0,0.0,0.0
6XC2,2,rpk,free,376,T,A,1,-2.266793269836304,-2.7173766388174823,-0.45058336898117846,0.0,0.0,0.0
6XC2,2,rpk,free,377,F,F,0,-1.7991425062739486,-1.4359393445959383,0.36320316167801026,0.0,0.0,0.0
6XC2,2,rpk,free,378,K,K,0,-2.20149709768528,-2.160294263878262,0.04120283380701828,0.0,0.0,0.0
6XC2,2,rpk,free,379,C,C,0,-1.0471180175689634,-1.0528412403623049,-0.005723222793341476,0.0,0.0,0.0
6XC2,2,rpk,free,380,Y,Y,0,-3.06198318051098,-3.010626276116709,0.05135690439427121,0.0,0.0,0.0
6XC2,2,rpk,free,381,G,G,0,-1.6247833732877979,-1.531243082977475,0.09354029031032285,0.0,0.0,0.0
6XC2,2,rpk,free,382,V,V,0,-1.6400234325078822,-1.4789578111670654,0.1610656213408168,0.0,0.0,0.0
6XC2,2,rpk,free,383,S,S,0,-0.5344097019655829,-0.6480107537176556,-0.11360105175207269,0.0,0.0,0.0
6XC2,2,rpk,free,384,P,P,0,-5.585760399537494,-5.181028025249418,0.4047323742880762,0.0,0.0,0.0
6XC2,2,rpk,free,385,T,T,0,0.5252486639061232,0.18233955047077205,-0.3429091134353512,0.0,0.0,0.0
6XC2,2,rpk,free,386,K,K,0,-2.918743378463152,-2.772386327798358,0.1463570506647942,0.0,0.0,0.0
6XC2,2,rpk,free,387,L,L,0,-4.985826596145752,-4.979473029961859,0.0063535661838924895,0.0,0.0,0.0
6XC2,2,rpk,free,388,N,N,0,-2.4950749429073635,-2.480576347153997,0.014498595753366317,0.0,0.0,0.0
6XC2,2,rpk,free,389,D,D,0,-3.2600332992955017,-3.07477244308294,0.18526085621256172,0.0,0.0,0.0
6XC2,2,rpk,free,390,L,L,0,-0.3464544270957687,-0.6970629631397448,-0.3506085360439761,0.0,0.0,0.0
6XC2,2,rpk,free,391,C,C,0,0.27995798619030876,0.37031014635393034,0.09035216016362158,0.0,0.0,0.0
6XC2,2,rpk,free,392,F,F,0,-8.341033821008068,-8.183250011413092,0.15778380959497618,0.0,0.0,0.0
6XC2,2,rpk,free,393,T,T,0,-4.28972041072028,-4.215098292386718,0.07462211833356225,0.0,0.0,0.0
6XC2,2,rpk,free,394,N,N,0,-0.6947113167266455,-0.816293147332634,-0.12158183060598848,0.0,0.0,0.0
6XC2,2,rpk,free,395,V,V,0,-5.476373528966001,-5.640816015830911,-0.16444248686490948,0.0,0.0,0.0
6XC2,2,rpk,free,396,Y,Y,0,-6.00081148134721,-6.005926051377147,-0.005114570029936871,0.0,0.0,0.0
6XC2,2,rpk,free,397,A,A,0,-3.01062916866543,-3.1784596212678595,-0.16783045260242968,0.0,0.0,0.0
6XC2,2,rpk,free,398,D,D,0,-8.111705872883427,-7.988981941206528,0.12272393167689888,0.0,0.0,0.0
6XC2,2,rpk,free,399,S,S,0,-4.526735581476565,-4.543157675642231,-0.016422094165665868,0.0,0.0,0.0
6XC2,2,rpk,free,400,F,F,0,-7.420011083821132,-7.356634389596929,0.06337669422420333,0.0,0.0,0.0
6XC2,2,rpk,free,401,V,V,0,-4.663914721684571,-4.142002165821428,0.5219125558631426,0.0,0.0,0.0
6XC2,2,rpk,free,402,I,I,0,-5.567628735259351,-5.594965781553486,-0.027337046294134915,0.0,0.0,0.0
6XC2,2,rpk,free,403,R,R,0,-4.200479055073056,-3.7116255199314114,0.48885353514164454,-2.482576812770926,-0.4559813731531337,2.0265954396177923
6XC2,2,rpk,free,404,G,G,0,-1.115426680208694,-0.21127231552928227,0.9041543646794118,0.0,-0.002995506837078721,-0.002995506837078721
6XC2,2,rpk,free,405,D,N,1,-2.563442661513171,-2.360087256737693,0.2033554047754782,-1.3298112561826327,-3.2350088505986125,-1.9051975944159798
6XC2,2,rpk,free,406,E,E,0,-7.932944064342266,-6.96266187403117,0.9702821903110959,-0.019542323313927953,-0.022066258846556618,-0.002523935532628665
6XC2,2,rpk,free,407,V,V,0,-2.987547651525117,-3.047301371172492,-0.05975371964737475,0.0,0.0,0.0
6XC2,2,rpk,free,408,R,S,1,0.5236341744905099,-0.3766558528630978,-0.9002900273536076,-1.889496502488855,-0.28509639781003526,1.6044001046788199
6XC2,2,rpk,free,409,Q,Q,0,-5.971354818757076,-6.071542519002163,-0.10018770024508683,0.002277473444525245,0.02824669198992523,0.025969218545399984
6XC2,2,rpk,free,410,I,I,0,-4.163823570159727,-3.869478296621811,0.2943452735379162,0.0,0.0,0.0
6XC2,2,rpk,free,411,A,A,0,-0.9006879902634961,-1.400595930593976,-0.4999079403304798,0.0,0.0,0.0
6XC2,2,rpk,free,412,P,P,0,-5.036895669474974,-4.382811498533296,0.6540841709416778,0.0,0.0,0.0
6XC2,2,rpk,free,413,G,G,0,-2.0058997886690166,-2.351535837300254,-0.34563604863123754,0.0,0.0,0.0
6XC2,2,rpk,free,414,Q,Q,0,-3.544912428951178,-3.440175850749709,0.10473657820146931,-9.411870786077761e-07,-0.00044960468097362573,-0.00044866349389501795
6XC2,2,rpk,free,415,T,T,0,-2.0443658235321966,-1.7562794672178357,0.28808635631436097,-0.9488987529353766,-1.1474912662195085,-0.19859251328413186
6XC2,2,rpk,free,416,G,G,0,-2.952614866930854,-3.314071833639862,-0.36145696670900795,-0.6617096493479441,-0.5825762970101209,0.07913335233782315
6XC2,2,rpk,free,417,K,N,1,1.4580566487987174,-1.1226667511441892,-2.5807233999429067,-3.6655468132747044,-0.92587950296779,2.7396673103069142
6XC2,2,rpk,free,418,I,I,0,-5.6722341463100765,-5.566189279480239,0.10604486682983794,-0.0008848802011118444,-7.514479646043327e-05,0.0008097354046514111
6XC2,2,rpk,free,419,A,A,0,-2.6711412698909496,-2.067558721699795,0.6035825481911545,-0.00023343958264454752,0.0005446286371483891,0.0007780682197929366
6XC2,2,rpk,free,420,D,D,0,-6.045217374811553,-8.085778956932758,-2.040561582121205,-2.3939072868705105,-2.3212699345867938,0.0726373522837167
6XC2,2,rpk,free,421,Y,Y,0,-3.2722037357357157,-2.944070162991409,0.3281335727443069,-1.456767324031809,-1.5690605138164662,-0.11229318978465708
6XC2,2,rpk,free,422,N,N,0,-3.871490921056061,-4.083846673161007,-0.2123557521049464,0.0,0.0,0.0
6XC2,2,rpk,free,423,Y,Y,0,-5.380043741304774,-5.07219398462,0.30784975668477355,0.0,0.0,0.0
6XC2,2,rpk,free,424,K,K,0,-2.1585461183503,-2.855109438022806,-0.6965633196725061,0.016012647453733243,0.06520224552779003,0.04918959807405678
6XC2,2,rpk,free,425,L,L,0,-6.3986509135124905,-6.247197239678512,0.1514536738339789,0.0,0.0,0.0
6XC2,2,rpk,free,426,P,P,0,-5.445102961848684,-5.305277836663194,0.13982512518548962,0.0,0.0,0.0
6XC2,2,rpk,free,427,D,D,0,-1.3358510974973647,-1.2547975478278215,0.08105354966954326,0.0,0.0,0.0
6XC2,2,rpk,free,428,D,D,0,-0.3789881340295802,-0.3854923352079962,-0.0065042011784159914,0.0,0.0,0.0
6XC2,2,rpk,free,429,F,F,0,-4.331454783995895,-4.423767626362531,-0.09231284236663662,0.0,0.0,0.0
6XC2,2,rpk,free,430,T,T,0,-2.0646043282577056,-1.9857501639188844,0.0788541643388212,0.0,0.0,0.0
6XC2,2,rpk,free,431,G,G,0,-3.7868011356564297,-3.947295717107411,-0.16049458145098106,0.0,0.0,0.0
6XC2,2,rpk,free,432,C,C,0,-2.744106497428804,-3.0466118112531144,-0.30250531382431056,0.0,0.0,0.0
6XC2,2,rpk,free,433,V,V,0,-6.117512482953046,-6.449647565238656,-0.3321350822856095,0.0,0.0,0.0
6XC2,2,rpk,free,434,I,I,0,-7.256462191828468,-5.865852408521654,1.3906097833068136,0.0,0.0,0.0
6XC2,2,rpk,free,435,A,A,0,-7.119302850127234,-5.94626401483381,1.1730388352934238,0.0,0.0,0.0
6XC2,2,rpk,free,436,W,W,0,-4.460723874343741,-3.7260718757304203,0.7346519986133209,0.0,0.0,0.0
6XC2,2,rpk,free,437,N,N,0,-2.6351193552643184,-2.385824046458304,0.24929530880601458,0.0,0.0,0.0
6XC2,2,rpk,free,438,S,S,0,-3.732104366925986,-3.8810512939779325,-0.14894692705194634,0.0,0.0,0.0
6XC2,2,rpk,free,439,N,N,0,-1.5051111589229285,-1.2908688906391736,0.2142422682837548,0.0,0.0,0.0
6XC2,2,rpk,free,440,N,K,1,-0.06302967688636277,-0.016033503374112662,0.046996173512250106,0.0,0.0,0.0
6XC2,2,rpk,free,441,L,L,0,-0.09930911032948882,-0.16458422109117998,-0.06527511076169117,0.0,0.0,0.0
6XC2,2,rpk,free,442,D,D,0,-8.04987758797686,-8.742874113733972,-0.6929965257571116,0.0,0.0,0.0
6XC2,2,rpk,free,443,S,S,0,-1.5272223424746432,-0.5059461645807228,1.0212761778939203,0.0,0.0,0.0
6XC2,2,rpk,free,444,K,K,0,-0.3554003562082042,-1.684902447939511,-1.3295020917313067,0.0,0.0,0.0
6XC2,2,rpk,free,445,V,V,0,1.4417547586480672,0.701771400246188,-0.7399833584018792,0.0,0.0,0.0
6XC2,2,rpk,free,448,N,N,0,-2.0442940817385704,-1.5805341897787069,0.46375989195986356,-0.11302920456632368,-0.00958303066102849,0.10344617390529519
6XC2,2,rpk,free,449,Y,Y,0,1.5233954038591238,1.5412229425626778,0.017827538703554024,0.0,0.0,0.0
6XC2,2,rpk,free,450,N,N,0,2.7617172954443534,2.679742348519515,-0.08197494692483831,0.0,0.0,0.0
6XC2,2,rpk,free,451,Y,Y,0,-3.6310921540089174,-3.2548469317016404,0.37624522230727697,0.0,0.0,0.0
6XC2,2,rpk,free,452,L,Q,1,-5.295734341122718,-3.6541541137612388,1.6415802273614792,0.0,0.0,0.0
6XC2,2,rpk,free,453,Y,Y,0,-5.815378178381891,-5.988832736709326,-0.1734545583274345,-0.14792173298948139,0.010340450640845461,0.15826218363032685
6XC2,2,rpk,free,454,R,R,0,-4.66262475503358,-4.75597163773877,-0.0933468827051902,0.0060285838159056465,-0.01025658573641831,-0.016285169552323956
6XC2,2,rpk,free,455,L,L,0,-2.7350932220015096,-3.5976502082499167,-0.862556986248407,-5.582888234930356,-4.453160293294097,1.1297279416362587
6XC2,2,rpk,free,456,F,F,0,-4.977934244405479,-4.676772643956005,0.3011616004494746,-2.369248911933926,-3.667225546220928,-1.2979766342870018
6XC2,2,rpk,free,457,R,R,0,-0.39069607015017394,-0.9595458304923431,-0.5688497603421692,-0.20893200364144004,-0.2113038734543745,-0.0023718698129344684
6XC2,2,rpk,free,458,K,K,0,-0.08220599947580759,-0.5045297241574811,-0.4223237246816735,0.12176955331705208,-0.16943043011670478,-0.29119998343375686
6XC2,2,rpk,free,459,S,S,0,-2.365621949904279,-2.2015941862410933,0.16402776366318594,-0.7033701499262598,-0.3470726977372498,0.35629745218901
6XC2,2,rpk,free,460,N,N,0,-1.3897997974681047,-1.366825200351372,0.022974597116732776,-0.9230627970521192,-0.9788171653244797,-0.055754368272360466
6XC2,2,rpk,free,461,L,L,0,-3.5657016408321525,-3.7966709103557466,-0.2309692695235941,0.0,0.0,0.0
6XC2,2,rpk,free,462,K,K,0,-2.6794105115143707,-2.6313416289881837,0.04806888252618702,0.0,0.0,0.0
6XC2,2,rpk,free,463,P,P,0,-4.690625261781121,-4.546312740673007,0.1443125211081142,0.0,0.0,0.0
6XC2,2,rpk,free,464,F,F,0,-1.7909623207122882,-1.8739785023711397,-0.0830161816588515,0.0,0.0,0.0
6XC2,2,rpk,free,465,E,E,0,-4.351998970785371,-4.329887428136692,0.02211154264867954,0.0,0.0,0.0
6XC2,2,rpk,free,466,R,R,0,-1.061775105091033,-1.38576887754632,-0.32399377245528704,0.0,0.0,0.0
6XC2,2,rpk,free,467,D,D,0,-4.4379743492873365,-4.028605507135293,0.40936884215204383,0.0,0.0,0.0
6XC2,2,rpk,free,468,I,I,0,0.1045565531552882,0.6990813067404981,0.5945247535852098,0.0,0.0,0.0
6XC2,2,rpk,free,469,S,S,0,-3.5477570403147576,-3.590436320739483,-0.04267928042472535,0.0,0.0,0.0
6XC2,2,rpk,free,470,T,T,0,-1.526110515223683,-0.8568591660108047,0.6692513492128782,0.0,0.0,0.0
6XC2,2,rpk,free,471,E,E,0,-1.2577917532310334,-1.2256131024472088,0.03217865078382465,0.0,0.0,0.0
6XC2,2,rpk,free,472,I,I,0,-1.1619552017320447,-1.987398882372777,-0.8254436806407324,0.0,0.0,0.0
6XC2,2,rpk,free,473,Y,Y,0,-4.549085910199584,-5.586512397970401,-1.0374264877708166,-2.3883947871339775,-3.575923480345384,-1.1875286932114064
6XC2,2,rpk,free,474,Q,Q,0,-2.7271553043814665,-2.4368626200962047,0.2902926842852618,-0.19122537290053643,0.05997093558243079,0.2511963084829672
6XC2,2,rpk,free,475,A,A,0,-2.105674063242498,-1.9569499484940394,0.1487241147484586,-2.3794326793911886,-2.7264569933255336,-0.34702431393434496
6XC2,2,rpk,free,476,G,G,0,-1.520614031065688,-1.5314776168773232,-0.010863585811635268,-0.7402498801204807,-0.9141811420244947,-0.1739312619040141
6XC2,2,rpk,free,477,S,N,1,-0.5008968087758459,0.18932209743708517,0.690218906212931,-0.1315713916709789,-0.812267275678459,-0.6806958840074802
6XC2,2,rpk,free,478,T,K,1,0.6995749390774607,0.4181241199396929,-0.2814508191377678,0.0,0.0,0.0
6XC2,2,rpk,free,479,P,P,0,-4.667003765646605,-4.411240177766576,0.25576358788002906,0.0,0.0,0.0
6XC2,2,rpk,free,480,C,C,0,0.16225325623200562,0.08894520728352112,-0.0733080489484845,0.0,0.0,0.0
6XC2,2,rpk,free,481,N,N,0,-1.0627407156339952,-1.176445241046956,-0.11370452541296072,0.0,0.0,0.0
6XC2,2,rpk,free,482,G,G,0,-2.1725714013280824,-2.0844742375661744,0.0880971637619079,0.0,0.0,0.0
6XC2,2,rpk,free,483,V,V,0,-0.8857427268856165,-0.7443280670573214,0.14141465982829515,0.0,0.0,0.0
6XC2,2,rpk,free,484,E,A,1,-2.598435558309284,-1.9471335261754064,0.6513020321338776,0.011612228322038898,0.0,-0.011612228322038898
6XC2,2,rpk,free,485,G,G,0,-1.4485269895544253,-2.4355332862469603,-0.987006296692535,0.0,0.0,0.0
6XC2,2,rpk,free,486,F,F,0,1.1726189424059252,0.7634861215407943,-0.4091328208651309,-3.294947464874337,-3.8562323293398997,-0.5612848644655628
6XC2,2,rpk,free,487,N,N,0,-5.7477644214910075,-6.104343441811976,-0.3565790203209689,-1.980764562557114,-2.4585848785402913,-0.4778203159831773
6XC2,2,rpk,free,488,C,C,0,0.3389691996214138,-0.5187013201133174,-0.8576705197347312,-2.486862128252363e-06,-3.3821128318746105e-09,2.4834800154204884e-06
6XC2,2,rpk,free,489,Y,Y,0,-5.819281889533324,-3.5715247989080607,2.247757090625263,-3.854019313022928,-1.958938829332335,1.895080483690593
6XC2,2,rpk,free,490,F,F,0,0.39004182291828565,1.611232294095444,1.2211904711771584,0.006862638002880048,-0.011239663571000385,-0.01810230157388043
6XC2,2,rpk,free,491,P,P,0,-7.182999392434588,-6.226941243551003,0.9560581488835842,0.0,0.0,0.0
6XC2,2,rpk,free,492,L,L,0,-4.572907951345138,-3.35686856834191,1.2160393830032277,0.0007253893053994353,0.0,-0.0007253893053994353
6XC2,2,rpk,free,493,Q,R,1,-4.398070475866686,-2.5959538659980717,1.8021166098686145,-3.744200918775078,-3.6988225073585834,0.04537841141649457
6XC2,2,rpk,free,494,S,S,0,-2.1428665106887457,-1.6815864252385861,0.4612800854501595,-0.038493801207223705,-0.1380227025517528,-0.0995289013445291
6XC2,2,rpk,free,495,Y,Y,0,-3.932883802464703,-3.73623690579261,0.1966468966720929,-0.4659997108472656,-0.484670891872896,-0.018671181025630423
6XC2,2,rpk,free,496,G,G,0,-0.5321636796092225,-0.025476578370084435,0.5066871012391381,-4.5509934893120185,-3.8257221645531523,0.7252713247588662
6XC2,2,rpk,free,497,F,F,0,-1.6206864490537283,-2.2078261880370773,-0.587139738983349,0.26481701737349106,-0.013290105105764772,-0.27810712247925584
6XC2,2,rpk,free,498,Q,R,1,-2.0045952185514455,0.17387307922094108,2.178468297772387,-1.486803253725296,-2.8727554896565284,-1.3859522359312324
6XC2,2,rpk,free,499,P,P,0,-4.827404132936164,-3.409214337514033,1.4181897954221308,0.0,0.0,0.0
6XC2,2,rpk,free,500,T,T,0,0.17580985484513653,0.33269757688523316,0.15688772204009663,-0.4499327016980531,-0.46483479990954557,-0.014902098211492465
6XC2,2,rpk,free,501,N,Y,1,-3.668844804011449,-3.3455448463167863,0.3232999576946627,-5.2451028796135155,-7.562271288400309,-2.3171684087867934
6XC2,2,rpk,free,502,G,G,0,-1.6120554441502322,-2.479496312600767,-0.867440868450535,-2.5424899051866214,-2.8360479321550933,-0.2935580269684719
6XC2,2,rpk,free,503,V,V,0,1.597882421830383,0.03673580432347283,-1.5611466175069102,-0.4378439387673913,-2.859037791388226,-2.4211938526208345
6XC2,2,rpk,free,504,G,G,0,-1.6851917666548988,-1.9762173852759368,-0.29102561862103804,-0.14278380855760017,0.08384635656566483,0.226630165123265
6XC2,2,rpk,free,505,Y,H,1,-4.629403945470561,-3.591348076296158,1.0380558691744035,-10.095560374757465,-4.849945312035995,5.24561506272147
6XC2,2,rpk,free,506,Q,Q,0,-5.059354449506927,-3.9095518675720173,1.1498025819349094,0.0,-1.3801003987401472e-06,-1.3801003987401472e-06
6XC2,2,rpk,free,507,P,P,0,-7.2594480705729065,-7.455047461495181,-0.19559939092227463,0.0,0.0,0.0
6XC2,2,rpk,free,508,Y,Y,0,-3.233143438820281,-6.283913834099452,-3.0507703952791707,0.0,0.0,0.0
6XC2,2,rpk,free,509,R,R,0,-5.539712668874886,-6.264902754349516,-0.7251900854746305,0.0,0.0,0.0
6XC2,2,rpk,free,510,V,V,0,-6.507572609593436,-6.483145049054,0.02442756053943551,0.0,0.0,0.0
6XC2,2,rpk,free,511,V,V,0,-7.424181473742697,-8.199193749751286,-0.7750122760085887,0.0,0.0,0.0
6XC2,2,rpk,free,512,V,V,0,-7.387706819272529,-7.600269107214932,-0.2125622879424034,0.0,0.0,0.0
6XC2,2,rpk,free,513,L,L,0,-7.42908527660056,-7.713325487169153,-0.2842402105685933,0.0,0.0,0.0
6XC2,2,rpk,free,514,S,S,0,-3.6483805151389332,-3.675888852989944,-0.02750833785101081,0.0,0.0,0.0
6XC2,2,rpk,free,515,F,F,0,-5.0758612816959365,-5.3302173433813085,-0.25435606168537195,0.0,0.0,0.0
6XC2,2,rpk,free,516,E,E,0,-4.740405160569985,-4.750350374616449,-0.009945214046464201,0.0,0.0,0.0
6XC2,2,rpk,free,517,L,L,0,0.00932205147312315,-0.24036814229766712,-0.24969019377079027,0.0,0.0,0.0
6XC2,2,rpk,free,518,L,L,0,-1.6558374280336465,-1.650259311397304,0.005578116636342445,0.0,0.0,0.0
6XC2,2,rpk,free,519,H,H,0,1.9240146134019587,1.9008613539488688,-0.02315325945308988,0.0,0.0,0.0
6XC2,2,rpk,free,520,A,A,0,-0.4625022551341949,-0.47086245917304037,-0.008360204038845465,0.0,0.0,0.0
6XC2,2,rpk,free,521,P,P,0,-3.779563517888039,-3.7625931472452887,0.01697037064275042,0.0,0.0,0.0
6XC2,2,rpk,free,522,A,A,0,-1.7473419185609875,-1.7386891658300405,0.008652752730947011,0.0,0.0,0.0
6XC2,2,rpk,free,523,T,T,0,-3.512733601048926,-3.5193169624606413,-0.006583361411715227,0.0,0.0,0.0
6XC2,2,rpk,free,524,V,V,0,-6.19713846317558,-6.339124747157609,-0.14198628398202828,0.0,0.0,0.0
6XC2,2,rpk,free,525,C,C,0,-0.7625364011197439,-0.7703523248376681,-0.007815923717924278,0.0,0.0,0.0
6XC2,2,rpk,free,526,G,G,0,-0.6403039610274276,-0.7740842222679909,-0.1337802612405633,0.0,0.0,0.0
6XC2,2,rpk,free,527,P,P,0,-3.6377209690548553,-3.438058580628184,0.19966238842667128,0.0,0.0,0.0
6XC2,2,rpk,free,528,K,K,0,1.0230835413908193,1.0264991436654753,0.0034156022746560932,0.0,0.0,0.0
6XC2,2,af2,cons,,-,R,1,0.0,0.807493752529341,0.807493752529341,0.0,0.0,0.0
6XC2,2,af2,cons,320.0,V,V,0,0.6342230920755836,-0.022487708734061612,-0.6567108008096452,0.0,0.0,0.0
6XC2,2,af2,cons,321.0,Q,Q,0,-0.28403041743809015,0.34669235861450765,0.6307227760525977,0.0,0.0,0.0
6XC2,2,af2,cons,322.0,P,P,0,-5.891526439088908,-6.436295439635622,-0.5447690005467134,0.0,0.0,0.0
6XC2,2,af2,cons,323.0,T,T,0,-0.41805348946974985,0.10604146134765602,0.5240949508174059,0.0,0.0,0.0
6XC2,2,af2,cons,324.0,E,E,0,-3.023522145054644,-3.51521742071811,-0.4916952756634658,0.0,0.0,0.0
6XC2,2,af2,cons,325.0,S,S,0,-0.4372200234498712,-0.5217270697990013,-0.08450704634913009,0.0,0.0,0.0
6XC2,2,af2,cons,326.0,I,I,0,-2.8113389077487336,-2.0224123613745233,0.7889265463742103,0.0,0.0,0.0
6XC2,2,af2,cons,327.0,V,V,0,-3.371108182855562,-3.8763649115847327,-0.5052567287291709,0.0,0.0,0.0
6XC2,2,af2,cons,328.0,R,R,0,0.4764104591567143,0.48774449353146243,0.011334034374748114,0.0,0.0,0.0
6XC2,2,af2,cons,329.0,F,F,0,-2.4188086748098523,-2.501082484766148,-0.08227380995629563,0.0,0.0,0.0
6XC2,2,af2,cons,330.0,P,P,0,-4.7060784872627215,-4.916249131516575,-0.21017064425385357,0.0,0.0,0.0
6XC2,2,af2,cons,331.0,N,N,0,-0.18298070221728283,-0.12494851065606233,0.0580321915612205,0.0,0.0,0.0
6XC2,2,af2,cons,332.0,I,I,0,-3.0630006104318777,-2.8326185530670513,0.2303820573648263,0.0,0.0,0.0
6XC2,2,af2,cons,333.0,T,T,0,-0.7080456561688739,-0.6664964423997588,0.041549213769115134,0.0,0.0,0.0
6XC2,2,af2,cons,334.0,N,N,0,-2.194418084370379,-2.1864968844655133,0.007921199904865617,0.0,0.0,0.0
6XC2,2,af2,cons,335.0,L,L,0,-0.8081707811870159,-0.8725201358774793,-0.06434935469046343,0.0,0.0,0.0
6XC2,2,af2,cons,336.0,C,C,0,-2.842330572369497,-2.807425368121134,0.0349052042483633,0.0,0.0,0.0
6XC2,2,af2,cons,337.0,P,P,0,-2.9847167453342407,-2.815823985609515,0.16889275972472584,0.0,0.0,0.0
6XC2,2,af2,cons,338.0,F,F,0,-4.914044125045084,-5.482672601669546,-0.568628476624462,0.0,0.0,0.0
6XC2,2,af2,cons,339.0,G,D,1,0.06785889779545706,-2.433809420626691,-2.5016683184221478,0.0,0.0,0.0
6XC2,2,af2,cons,340.0,E,E,0,-1.7029171297312353,-2.3573682060319365,-0.6544510763007012,0.0,0.0,0.0
6XC2,2,af2,cons,341.0,V,V,0,-2.9282395435568453,-3.034504425873899,-0.10626488231705356,0.0,0.0,0.0
6XC2,2,af2,cons,342.0,F,F,0,-5.706484237774933,-5.222817835457963,0.48366640231696945,0.0,0.0,0.0
6XC2,2,af2,cons,343.0,N,N,0,-1.9587273934732756,-2.4828556406282787,-0.5241282471550031,0.0,0.0,0.0
6XC2,2,af2,cons,344.0,A,A,0,-1.8826524148189079,-1.9060692757186006,-0.02341686089969275,0.0,0.0,0.0
6XC2,2,af2,cons,345.0,T,T,0,-0.4796084616467332,0.16264784430136864,0.6422563059481019,0.0,0.0,0.0
6XC2,2,af2,cons,346.0,R,R,0,-0.061751770503406064,1.9259728991440794,1.9877246696474855,0.0,0.0,0.0
6XC2,2,af2,cons,347.0,F,F,0,-0.6247880632737259,-0.9291704129409472,-0.3043823496672212,0.0,0.0,0.0
6XC2,2,af2,cons,348.0,A,A,0,-0.9538726834738018,-1.2339509237743305,-0.28007824030052864,0.0,0.0,0.0
6XC2,2,af2,cons,349.0,S,S,0,-3.2324908928789924,-3.424583916469511,-0.19209302359051872,0.0,0.0,0.0
6XC2,2,af2,cons,350.0,V,V,0,-1.8159364506490074,-1.6374104290377791,0.17852602161122832,0.0,0.0,0.0
6XC2,2,af2,cons,351.0,Y,Y,0,-2.7491412819014336,-0.8815851982718137,1.86755608362962,0.0,0.0,0.0
6XC2,2,af2,cons,352.0,A,A,0,-1.4123791713860658,-0.2980186727448025,1.1143604986412634,0.0,0.0,0.0
6XC2,2,af2,cons,353.0,W,W,0,-1.9593963422565408,-2.6796581271761903,-0.7202617849196495,0.0,0.0,0.0
6XC2,2,af2,cons,354.0,N,N,0,-1.7714663479315353,-2.418361696880125,-0.6468953489485898,0.0,0.0,0.0
6XC2,2,af2,cons,355.0,R,R,0,-1.8801705198110625,-1.101253639045003,0.7789168807660596,0.0,0.0,0.0
6XC2,2,af2,cons,356.0,K,K,0,-3.2670889049554415,-3.1924051798172557,0.07468372513818577,0.0,0.0,0.0
6XC2,2,af2,cons,357.0,R,R,0,-1.7594808642903534,-1.567951170298355,0.19152969399199837,0.0,0.0,0.0
6XC2,2,af2,cons,358.0,I,I,0,-6.7191036349220505,-6.674451854696558,0.04465178022549221,0.0,0.0,0.0
6XC2,2,af2,cons,359.0,S,S,0,-2.718504658070396,-2.5109184599642393,0.20758619810615686,0.0,0.0,0.0
6XC2,2,af2,cons,360.0,N,N,0,-3.5575754250348295,-3.1577730560630473,0.39980236897178223,0.0,0.0,0.0
6XC2,2,af2,cons,361.0,C,C,0,-3.7196555667891795,-3.501776638161451,0.21787892862772873,0.0,0.0,0.0
6XC2,2,af2,cons,362.0,V,V,0,-5.5809324668145255,-5.564829243557198,0.016103223257327492,0.0,0.0,0.0
6XC2,2,af2,cons,363.0,A,A,0,-1.4919983810899404,-2.3628662830538736,-0.8708679019639332,0.0,0.0,0.0
6XC2,2,af2,cons,364.0,D,D,0,-4.181951829346152,-5.1006411811966785,-0.9186893518505261,0.0,0.0,0.0
6XC2,2,af2,cons,365.0,Y,Y,0,-7.91773078149927,-6.104437070385542,1.8132937111137286,0.0,0.0,0.0
6XC2,2,af2,cons,366.0,S,S,0,-3.5459564141809374,-4.60662727994264,-1.0606708657617028,0.0,0.0,0.0
6XC2,2,af2,cons,367.0,V,V,0,1.570943370254237,0.390040596056347,-1.18090277419789,0.0,0.0,0.0
6XC2,2,af2,cons,368.0,L,L,0,-5.398964819182017,-5.069236934957622,0.32972788422439514,0.0,0.0,0.0
6XC2,2,af2,cons,369.0,Y,Y,0,-0.09940856685609509,-0.9137177595120144,-0.8143091926559193,0.0,0.0,0.0
6XC2,2,af2,cons,370.0,N,N,0,-1.9465793214989988,-0.6278246554714624,1.3187546660275364,0.0,0.0,0.0
6XC2,2,af2,cons,371.0,S,F,1,-1.8562458364209558,0.8370755532451264,2.693321389666082,0.0,0.0,0.0
6XC2,2,af2,cons,372.0,A,A,0,1.5331085101524597,3.068186224133007,1.5350777139805474,0.0,0.0,0.0
6XC2,2,af2,cons,373.0,S,P,1,-2.8506234538328488,0.5539692382730441,3.4045926921058927,0.0,0.0,0.0
6XC2,2,af2,cons,374.0,F,F,0,-1.2087456633679574,-0.4127554714163088,0.7959901919516486,0.0,0.0,0.0
6XC2,2,af2,cons,375.0,S,F,1,-0.5603535253928427,-0.1775810369842792,0.3827724884085635,0.0,0.0,0.0
6XC2,2,af2,cons,376.0,T,A,1,-1.5492795620174962,-2.5185052352106934,-0.9692256731931972,0.0,0.0,0.0
6XC2,2,af2,cons,377.0,F,F,0,-1.2874955317535897,-1.2178400122559392,0.06965551949765048,0.0,0.0,0.0
6XC2,2,af2,cons,378.0,K,K,0,-3.005831223833389,-2.8051395032244737,0.20069172060891516,0.0,0.0,0.0
6XC2,2,af2,cons,379.0,C,C,0,-1.3055325145699646,-1.3968230678436513,-0.09129055327368674,0.0,0.0,0.0
6XC2,2,af2,cons,380.0,Y,Y,0,-4.010114257741917,-4.507390494786796,-0.4972762370448791,0.0,0.0,0.0
6XC2,2,af2,cons,381.0,G,G,0,-1.3290954357370788,-0.4281072694939764,0.9009881662431024,0.0,0.0,0.0
6XC2,2,af2,cons,382.0,V,V,0,-1.408382448794816,-1.8492398393852212,-0.4408573905904052,0.0,0.0,0.0
6XC2,2,af2,cons,383.0,S,S,0,-0.5402343699634711,-1.8932108034244224,-1.3529764334609513,0.0,0.0,0.0
6XC2,2,af2,cons,384.0,P,P,0,-4.391382785256435,-4.590746523109087,-0.19936373785265182,0.0,0.0,0.0
6XC2,2,af2,cons,385.0,T,T,0,0.6153350916883669,-0.177818471175175,-0.7931535628635419,0.0,0.0,0.0
6XC2,2,af2,cons,386.0,K,K,0,-2.692656473749013,-2.2792165157313775,0.41343995801763533,0.0,0.0,0.0
6XC2,2,af2,cons,387.0,L,L,0,-6.081565886661004,-4.8567902921359,1.224775594525104,0.0,0.0,0.0
6XC2,2,af2,cons,388.0,N,N,0,-2.5114137945959127,-1.9586960282505168,0.5527177663453959,0.0,0.0,0.0
6XC2,2,af2,cons,389.0,D,D,0,-5.416751742834084,-4.888716014271573,0.5280357285625108,0.0,0.0,0.0
6XC2,2,af2,cons,390.0,L,L,0,-1.378602215079325,-2.504065669567808,-1.1254634544884832,0.0,0.0,0.0
6XC2,2,af2,cons,391.0,C,C,0,-0.8683713289745767,0.45794224481069323,1.3263135737852698,0.0,0.0,0.0
6XC2,2,af2,cons,392.0,F,F,0,-7.833408653805585,-8.585306719384278,-0.7518980655786924,0.0,0.0,0.0
6XC2,2,af2,cons,393.0,T,T,0,-2.6306644339812233,-2.5653059306455175,0.06535850333570581,0.0,0.0,0.0
6XC2,2,af2,cons,394.0,N,N,0,-3.567536225190501,-3.9789581052345513,-0.41142188004405034,0.0,0.0,0.0
6XC2,2,af2,cons,395.0,V,V,0,-6.283379049548882,-6.907871897791286,-0.6244928482424035,0.0,0.0,0.0
6XC2,2,af2,cons,396.0,Y,Y,0,-4.73681559845601,-5.123746610381423,-0.38693101192541324,0.0,0.0,0.0
6XC2,2,af2,cons,397.0,A,A,0,-2.882625021926806,-2.8837783184574612,-0.0011532965306551013,0.0,0.0,0.0
6XC2,2,af2,cons,398.0,D,D,0,-7.839427186232758,-7.390709371870248,0.4487178143625101,0.0,0.0,0.0
6XC2,2,af2,cons,399.0,S,S,0,-3.901446177875669,-4.5723254959980295,-0.6708793181223607,0.0,0.0,0.0
6XC2,2,af2,cons,400.0,F,F,0,-8.5767721289915,-8.444600260702407,0.13217186828909355,0.0,0.0,0.0
6XC2,2,af2,cons,401.0,V,V,0,-4.685713727116783,-4.7606581715395455,-0.07494444442276293,0.0,0.0,0.0
6XC2,2,af2,cons,402.0,I,I,0,-6.274263216972424,-6.855108514594468,-0.5808452976220435,0.0,0.0,0.0
6XC2,2,af2,cons,403.0,R,R,0,-2.363985083698179,-4.046287495462575,-1.6823024117643963,1.2440043679609605,-2.138923295130537,-3.3829276630914977
6XC2,2,af2,cons,404.0,G,G,0,-0.7162729233401228,-0.6938875890941893,0.022385334245933475,0.0,0.0,0.0
6XC2,2,af2,cons,405.0,D,N,1,-3.620156793294017,0.45868147221843336,4.07883826551245,-1.3794121563962545,-0.8353593919662624,0.5440527644299921
6XC2,2,af2,cons,406.0,E,E,0,-7.543991420291695,-7.13278787478023,0.4112035455114649,-0.4867611971395126,-0.13390331793865,0.3528578792008626
6XC2,2,af2,cons,407.0,V,V,0,-2.4804188400835496,-3.1727018817229,-0.6922830416393504,0.0,-0.00010389375551597864,-0.00010389375551597864
6XC2,2,af2,cons,408.0,R,S,1,0.5875457978512334,-1.4196538399751728,-2.0071996378264063,-0.9549673619128776,-2.257511494983806,-1.3025441330709284
6XC2,2,af2,cons,409.0,Q,Q,0,-6.140309301532434,-6.828495052533847,-0.6881857510014129,0.020294455724740652,-0.020495029879091978,-0.04078948560383263
6XC2,2,af2,cons,410.0,I,I,0,-3.382536982972306,-2.955329019691613,0.4272079632806931,0.0,0.0,0.0
6XC2,2,af2,cons,411.0,A,A,0,-1.2653212052045117,-1.0793900468920437,0.1859311583124681,0.0,0.0,0.0
6XC2,2,af2,cons,412.0,P,P,0,-6.266487149357096,-6.205330686287976,0.06115646306912037,0.0,0.0,0.0
6XC2,2,af2,cons,413.0,G,G,0,-2.1320457296077926,-1.9082765020745804,0.22376922753321216,0.0,0.0,0.0
6XC2,2,af2,cons,414.0,Q,Q,0,-3.5263892087486894,-3.1123655058352324,0.414023702913457,-0.00012859564487623185,0.0020410388780095837,0.0021696345228858155
6XC2,2,af2,cons,415.0,T,T,0,-1.7857250631127946,-1.8461240270008534,-0.060398963888058876,-1.046985681860729,-0.8318997406364406,0.21508594122428848
6XC2,2,af2,cons,416.0,G,G,0,-3.2804087334430463,-4.090024830351201,-0.8096160969081545,-0.00368158212571211,-1.4864708564717761,-1.482789274346064
6XC2,2,af2,cons,417.0,K,N,1,0.3828784463643678,-0.2534075903410792,-0.636286036705447,0.7310069174052256,0.060749713841776715,-0.6702572035634489
6XC2,2,af2,cons,418.0,I,I,0,-5.6096049640910675,-5.413919841576933,0.19568512251413406,0.007169806780016146,0.0005181423176702938,-0.006651664462345852
6XC2,2,af2,cons,419.0,A,A,0,-2.2716593743778417,-2.5397544302264707,-0.268095055848629,0.0003843213869356958,0.00022939998479428727,-0.00015492140214140853
6XC2,2,af2,cons,420.0,D,D,0,-8.579556781202669,-7.861884428953279,0.71767235224939,-2.5768041386781113,-2.034916532309655,0.5418876063684563
6XC2,2,af2,cons,421.0,Y,Y,0,-3.5724745932279833,-2.7900376251104895,0.7824369681174939,-3.5365135528584952,-2.517968443625194,1.018545109233301
6XC2,2,af2,cons,422.0,N,N,0,-3.6100581649482986,-3.940451504496665,-0.33039333954836625,0.0,0.0,0.0
6XC2,2,af2,cons,423.0,Y,Y,0,-5.165202035220731,-6.342364930072145,-1.1771628948514143,0.0,0.0,0.0
6XC2,2,af2,cons,424.0,K,K,0,-2.079411244103289,-2.2099853747500533,-0.13057413064676426,0.04107433539492387,0.01876897007286895,-0.022305365322054918
6XC2,2,af2,cons,425.0,L,L,0,-5.383524061514096,-6.252012270488975,-0.8684882089748793,0.0,0.0,0.0
6XC2,2,af2,cons,426.0,P,P,0,-5.608813908538037,-5.3905756212648575,0.21823828727317984,0.0,0.0,0.0
6XC2,2,af2,cons,427.0,D,D,0,-2.004655056638816,-1.8374451101649816,0.16720994647383436,0.0,0.0,0.0
6XC2,2,af2,cons,428.0,D,D,0,-0.6040207086808089,-0.7823860464136001,-0.17836533773279117,0.0,0.0,0.0
6XC2,2,af2,cons,429.0,F,F,0,-3.8183724157330783,-3.9520306084654813,-0.13365819273240298,0.0,0.0,0.0
6XC2,2,af2,cons,430.0,T,T,0,-2.7244117610029535,-3.048319059460495,-0.3239072984575415,0.0,0.0,0.0
6XC2,2,af2,cons,431.0,G,G,0,-4.99418599430953,-5.392482062089422,-0.3982960677798921,0.0,0.0,0.0
6XC2,2,af2,cons,432.0,C,C,0,-2.979133564759073,-2.9008534245934685,0.07828014016560436,0.0,0.0,0.0
6XC2,2,af2,cons,433.0,V,V,0,-6.427246257445651,-6.113705061931626,0.3135411955140244,0.0,0.0,0.0
6XC2,2,af2,cons,434.0,I,I,0,-7.499878065435482,-7.518966955642465,-0.019088890206983677,0.0,0.0,0.0
6XC2,2,af2,cons,435.0,A,A,0,-7.561720364394917,-7.438522917516478,0.12319744687843937,0.0,0.0,0.0
6XC2,2,af2,cons,436.0,W,W,0,-4.0783904227259224,-3.7858471075709317,0.29254331515499077,0.0,0.0,0.0
6XC2,2,af2,cons,437.0,N,N,0,-2.763066941785729,-2.4022028792114196,0.3608640625743096,0.0,0.0,0.0
6XC2,2,af2,cons,438.0,S,S,0,-4.477092243345278,-4.008347468733642,0.4687447746116362,0.0,0.0,0.0
6XC2,2,af2,cons,439.0,N,N,0,-1.3657629832355123,-0.3594018946196159,1.0063610886158965,0.0,0.0,0.0
6XC2,2,af2,cons,440.0,N,K,1,-0.04008933839849449,-0.36741093406425757,-0.3273215956657631,0.0,0.0,0.0
6XC2,2,af2,cons,441.0,L,L,0,0.2925145953265218,0.14858879173331663,-0.14392580359320517,0.0,0.0,0.0
6XC2,2,af2,cons,442.0,D,D,0,-8.837460446466325,-7.426992013205323,1.410468433261002,0.0,0.0,0.0
6XC2,2,af2,cons,443.0,S,S,0,-1.998473300580769,-3.2127255790375258,-1.2142522784567567,0.0,0.0,0.0
6XC2,2,af2,cons,444.0,K,K,0,-2.21073370217951,-2.0630441068019847,0.14768959537752524,0.0,0.0,0.0
6XC2,2,af2,cons,445.0,V,V,0,1.7523067550273475,3.130410044568924,1.3781032895415766,0.0,0.0,0.0
6XC2,2,af2,cons,446.0,G,G,0,-3.0051339973240814,0.9779746313425519,3.983108628666633,-0.04957271463898837,0.0,0.04957271463898837
6XC2,2,af2,cons,447.0,G,G,0,-2.3811848428335316,-1.6987253346067248,0.6824595082268068,0.041239268667327994,0.0,-0.041239268667327994
6XC2,2,af2,cons,448.0,N,N,0,-4.309507121661214,-2.1799660825523093,2.129541039108905,-3.5135625741293357e-06,0.0,3.5135625741293357e-06
6XC2,2,af2,cons,449.0,Y,Y,0,-1.6671719131105966,1.519096103947658,3.1862680170582545,-0.04789312947701246,-1.3962880817654233e-05,0.0478791665961948
6XC2,2,af2,cons,450.0,N,N,0,-1.3600041499314135,-2.3936665212718973,-1.0336623713404838,0.0,0.0,0.0
6XC2,2,af2,cons,451.0,Y,Y,0,-4.185882541288717,-0.45154706696200625,3.734335474326711,0.0,0.000279847438692942,0.000279847438692942
6XC2,2,af2,cons,452.0,L,Q,1,-4.413654742256811,-4.1525961855551765,0.26105855670163436,0.0,0.0,0.0
6XC2,2,af2,cons,453.0,Y,Y,0,-7.491441733658781,-5.352423684548433,2.139018049110348,-2.4610604926808497,-2.1064998755331072,0.35456061714774245
6XC2,2,af2,cons,454.0,R,R,0,-5.604687379514478,-3.629392850275199,1.975294529239279,-0.0518851460060155,-0.10781192238083595,-0.05592677637482045
6XC2,2,af2,cons,455.0,L,L,0,-4.389284314120535,-1.0927420294494279,3.2965422846711068,-5.967548318518052,-4.408451390039129,1.5590969284789225
6XC2,2,af2,cons,456.0,F,F,0,-3.72660106238904,0.263266071916521,3.989867134305561,-3.9089680326791987,-3.2163683779767016,0.6925996547024971
6XC2,2,af2,cons,457.0,R,R,0,-1.8912560425767913,1.22785301012168,3.1191090526984713,-1.798600048401713,-1.940832903465612,-0.14223285506389893
6XC2,2,af2,cons,458.0,K,K,0,-0.33036928118372333,-0.11511226684298179,0.21525701434074154,0.35951843229579117,0.17228144501232034,-0.18723698728347082
6XC2,2,af2,cons,459.0,S,S,0,-2.3589667448033085,-1.0214689178525935,1.337497826950715,-0.46652604134378794,-0.5640892858140154,-0.09756324447022746
6XC2,2,af2,cons,460.0,N,N,0,0.16537106310835706,0.31922504467527146,0.1538539815669144,-0.316967340966532,-0.12317396705835137,0.19379337390818063
6XC2,2,af2,cons,461.0,L,L,0,-4.069621368067022,-2.717588295773099,1.3520330722939229,-4.636695243504831e-06,-1.8025306353085116e-05,-1.3388611109580286e-05
6XC2,2,af2,cons,462.0,K,K,0,-2.824418905750775,-2.6009032988462533,0.22351560690452166,0.0,0.0,0.0
6XC2,2,af2,cons,463.0,P,P,0,-4.886340410744149,-4.9471665420034014,-0.06082613125925285,0.0,0.0,0.0
6XC2,2,af2,cons,464.0,F,F,0,-1.2158425014239467,-1.6629896805671556,-0.4471471791432089,0.0,0.0,0.0
6XC2,2,af2,cons,465.0,E,E,0,-4.903494880357605,-2.6367036287569143,2.2667912516006905,0.0,0.0,0.0
6XC2,2,af2,cons,466.0,R,R,0,-0.9187044347645456,-1.1660803160940763,-0.2473758813295307,0.0,0.0,0.0
6XC2,2,af2,cons,467.0,D,D,0,-5.1185846559912695,-3.802161254893348,1.3164234010979214,0.0,0.0,0.0
6XC2,2,af2,cons,468.0,I,I,0,0.46786698637527613,1.8319127783400175,1.3640457919647413,0.0,0.0,0.0
6XC2,2,af2,cons,469.0,S,S,0,-3.3320534480287654,-2.4646379393141946,0.8674155087145707,0.0,0.0,0.0
6XC2,2,af2,cons,470.0,T,T,0,-0.9230238222261509,-0.7681135067037239,0.15491031552242696,0.0,0.0,0.0
6XC2,2,af2,cons,471.0,E,E,0,-2.298220279769722,0.4114396619360624,2.7096599417057847,0.0,0.0,0.0
6XC2,2,af2,cons,472.0,I,I,0,-2.330213681280547,0.659058958221529,2.9892726395020763,0.0,0.30053621265034075,0.30053621265034075
6XC2,2,af2,cons,473.0,Y,Y,0,-2.0561146427827177,-0.04935368134469868,2.006760961438019,1.08286097272445,0.1486904568921794,-0.9341705158322706
6XC2,2,af2,cons,474.0,Q,Q,0,-0.9743845610458014,9.380249896851177,10.354634457896978,-0.06721961082845568,5.372379039838102,5.439598650666558
6XC2,2,af2,cons,475.0,A,A,0,-3.0521904933063375,6.6633227517917515,9.715513245098089,-2.8449569106108763,5.8937946044794085,8.738751515090286
6XC2,2,af2,cons,476.0,G,G,0,-0.4846106764227685,4.628525632051068,5.113136308473837,-1.2896510902281575,5.073861231845158,6.363512322073316
6XC2,2,af2,cons,477.0,S,N,1,-0.29767416441874556,10.376783044794177,10.674457209212923,0.08426723226279148,3.6559177546081845,3.571650522345393
6XC2,2,af2,cons,478.0,T,K,1,0.7082253785911092,7.75475192592766,7.04652654733655,-0.010729887270312473,3.4055910749325857,3.416320962202898
6XC2,2,af2,cons,479.0,P,P,0,-4.515837821819672,-3.3982113177473305,1.1176265040723417,0.0,-1.1550208949464422,-1.1550208949464422
6XC2,2,af2,cons,480.0,C,C,0,0.33668991261470566,0.45622554121118963,0.11953562859648398,0.0,0.5008033792113475,0.5008033792113475
6XC2,2,af2,cons,481.0,N,N,0,0.17992072415966798,-1.1897555746381423,-1.3696762987978102,0.0,-7.557654391498504e-06,-7.557654391498504e-06
6XC2,2,af2,cons,482.0,G,G,0,-1.3197715436530189,-2.536255181840083,-1.2164836381870643,0.0,0.0,0.0
6XC2,2,af2,cons,483.0,V,V,0,1.9697253803667718,-0.5620093796248552,-2.531734759991627,0.0005264939799943472,0.0,-0.0005264939799943472
6XC2,2,af2,cons,484.0,E,A,1,-0.6938982515232734,0.31798534269184775,1.0118835942151212,0.0,0.0,0.0
6XC2,2,af2,cons,485.0,G,G,0,0.46927601087809356,-1.1546148025027543,-1.6238908133808478,0.0,0.005558512342883836,0.005558512342883836
6XC2,2,af2,cons,486.0,F,F,0,3.704450083287644,0.6895443241604986,-3.0149057591271453,-0.8430370702580214,-7.2015207593512915,-6.35848368909327
6XC2,2,af2,cons,487.0,N,N,0,-3.845657505283001,1.2227014825475444,5.068358987830545,-1.0241677140926864,-3.1889897805552003,-2.1648220664625137
6XC2,2,af2,cons,488.0,C,C,0,-0.43765360568897077,4.0403607499735426,4.478014355662514,0.0013182484022505265,-0.06274576832001955,-0.06406401672227008
6XC2,2,af2,cons,489.0,Y,Y,0,-5.765993261342206,1.2905602957354239,7.056553557077629,-4.627004617939679,-1.6334445585384043,2.993560059401275
6XC2,2,af2,cons,490.0,F,F,0,0.7189390782716518,-2.4611085333872316,-3.1800476116588836,-0.011782648337683471,0.0,0.011782648337683471
6XC2,2,af2,cons,491.0,P,P,0,-7.167753194651158,-2.2943923994877147,4.873360795163443,0.0,0.0,0.0
6XC2,2,af2,cons,492.0,L,L,0,-5.714072610307441,0.1801127862068298,5.8941853965142705,-0.0296511450963419,0.0,0.0296511450963419
6XC2,2,af2,cons,493.0,Q,R,1,-3.746087416859148,-1.410409833898692,2.335677582960456,-2.441376293729453,0.0,2.441376293729453
6XC2,2,af2,cons,494.0,S,S,0,-3.252911030794127,0.9057169193974477,4.158627950191574,-1.901811839273114,0.07903812670630042,1.9808499659794145
6XC2,2,af2,cons,495.0,Y,Y,0,-4.716476238469234,2.496840091118277,7.213316329587511,-0.4193900191560041,-1.5640087865953285,-1.1446187674393244
6XC2,2,af2,cons,496.0,G,G,0,-1.4836734880501141,-0.901513839791087,0.5821596482590271,-2.5017745240736065,-0.0012703163617362777,2.50050420771187
6XC2,2,af2,cons,497.0,F,F,0,-5.97625783847061,-0.6850297521501792,5.29122808632043,0.07567789642793205,-0.0097676383718407,-0.08544553479977274
6XC2,2,af2,cons,498.0,Q,R,1,-0.07551033358683307,3.268687466536914,3.344197800123747,0.1687465537245169,-1.4037469559037845,-1.5724935096283015
6XC2,2,af2,cons,499.0,P,P,0,-4.3148873420692695,-4.341595266914969,-0.026707924845699615,0.0,-2.6600304106458585,-2.6600304106458585
6XC2,2,af2,cons,500.0,T,T,0,0.28322140504669135,-3.349652833849524,-3.6328742388962154,-0.7236570354161507,-2.940602276415163,-2.2169452409990122
6XC2,2,af2,cons,501.0,N,Y,1,-3.033343104370344,0.13443024486571042,3.1677733492360542,-1.9603380854066497,-1.2474684782522396,0.7128696071544101
6XC2,2,af2,cons,502.0,G,G,0,-1.500122265173795,-4.427552093107748,-2.9274298279339526,-2.1396194673047555,-2.0523749428100873,0.08724452449466824
6XC2,2,af2,cons,503.0,V,V,0,1.8711215802230856,1.4912521243723065,-0.37986945585077914,0.18554920944712305,-2.990897429885665,-3.1764466393327884
6XC2,2,af2,cons,504.0,G,G,0,-1.946876008751215,-0.08516750021585295,1.861708508535362,-0.19223165863259775,0.9809567310344378,1.1731883896670356
6XC2,2,af2,cons,505.0,Y,H,1,-3.514691310486784,-0.8613954841103346,2.653295826376449,-7.718320167599028,0.6288646543313262,8.347184821930355
6XC2,2,af2,cons,506.0,Q,Q,0,-6.046459325409076,-0.16188609052181047,5.884573234887266,0.0,-0.2894550200967343,-0.2894550200967343
6XC2,2,af2,cons,507.0,P,P,0,-7.277283343712696,-6.600286881498255,0.6769964622144409,0.0,0.0,0.0
6XC2,2,af2,cons,508.0,Y,Y,0,-2.5393467739286493,-2.6922908071663643,-0.152944033237715,0.0,0.0,0.0
6XC2,2,af2,cons,509.0,R,R,0,-7.13929913856167,-7.34225124877692,-0.20295211021525006,0.0,0.0,0.0
6XC2,2,af2,cons,510.0,V,V,0,-6.886075837017033,-6.338922844234299,0.5471529927827348,0.0,0.0,0.0
6XC2,2,af2,cons,511.0,V,V,0,-7.091910468467868,-7.043486688188931,0.04842378027893712,0.0,0.0,0.0
6XC2,2,af2,cons,512.0,V,V,0,-7.109507624505688,-7.102916264667255,0.006591359838433064,0.0,0.0,0.0
6XC2,2,af2,cons,513.0,L,L,0,-7.1982961523968765,-7.3852931724182005,-0.186997020021324,0.0,0.0,0.0
6XC2,2,af2,cons,514.0,S,S,0,-3.9928964760790655,-3.9253569804434503,0.06753949563561523,0.0,0.0,0.0
6XC2,2,af2,cons,515.0,F,F,0,-4.079136301479609,-4.764827466890126,-0.6856911654105167,0.0,0.0,0.0
6XC2,2,af2,cons,516.0,E,E,0,-4.836713111006894,-5.620963749380308,-0.7842506383734138,0.0,0.0,0.0
6XC2,2,af2,cons,517.0,L,L,0,-0.09690179454780956,0.1350041356600175,0.23190593020782707,0.0,0.0,0.0
6XC2,2,af2,cons,518.0,L,L,0,3.0673303321989005,0.7515803663567736,-2.315749965842127,0.0,0.0,0.0
6XC2,2,af2,cons,519.0,H,H,0,0.7174532887335521,1.8069432595384132,1.089489970804861,0.0,0.0,0.0
6XC2,2,af2,cons,520.0,A,A,0,-0.1751829107255795,1.7219971354649097,1.8971800461904893,0.0,0.0,0.0
6XC2,2,af2,cons,521.0,P,P,0,-3.3660434449773975,-3.4720300053622166,-0.10598656038481913,0.0,0.0,0.0
6XC2,2,af2,cons,522.0,A,A,0,-2.2893552651748257,-0.7289516449574035,1.5604036202174223,0.0,0.0,0.0
6XC2,2,af2,cons,523.0,T,T,0,-4.613455891502619,-4.499557845203677,0.11389804629894229,0.0,0.0,0.0
6XC2,2,af2,cons,524.0,V,V,0,-5.571315100762745,-5.648603066479564,-0.07728796571681862,0.0,0.0,0.0
6XC2,2,af2,cons,525.0,C,C,0,-2.2346983225043684,-1.3319820074396602,0.9027163150647082,0.0,0.0,0.0
6XC2,2,af2,cons,526.0,G,G,0,-0.8275881670243521,-0.924744784593326,-0.09715661756897387,0.0,0.0,0.0
6XC2,2,af2,cons,527.0,P,P,0,-1.472539886903129,-1.558021386871252,-0.08548149996812304,0.0,0.0,0.0
6XC2,2,af2,cons,528.0,K,K,0,-1.7351673627959112,-1.4751515590448099,0.26001580375110134,0.0,0.0,0.0
6XC2,2,af2,cons,529.0,K,K,0,-0.3870619454993862,-0.5099706906263182,-0.12290874512693195,0.0,0.0,0.0
6XC2,2,af2,cons,530.0,S,S,0,-2.5595863126233502,-2.5985609712263287,-0.03897465860297844,0.0,0.0,0.0
6XC2,2,af2,cons,531.0,T,T,0,-2.7957606445676007,-2.6494649867804845,0.14629565778711617,0.0,0.0,0.0
6XC2,2,af2,cons,532.0,N,N,0,-0.2231211495221196,-0.1135863084303595,0.1095348410917601,0.0,0.0,0.0
6XC2,2,af2,cons,533.0,L,L,0,-0.3325327023662298,0.19021887459824344,0.5227515769644733,0.0,0.0,0.0
6XC2,2,af2,cons,534.0,V,V,0,-1.3475832365513678,-1.397873167892068,-0.050289931340700145,0.0,0.0,0.0
6XC2,2,af2,cons,535.0,K,K,0,-0.761820773671598,-0.876783986854493,-0.11496321318289504,0.0,0.0,0.0
6XC2,2,af2,cons,536.0,N,N,0,-0.8218394512403855,-0.8501871106595705,-0.028347659419185045,0.0,0.0,0.0
6XC2,2,af2,cons,537.0,K,K,0,-1.185968024272181,-1.697698648132673,-0.511730623860492,0.0,0.0,0.0
6XC2,2,af2,cons,538.0,C,C,0,-0.6833803252665466,0.45239379592432516,1.1357741211908716,0.0,0.0,0.0
6XC2,2,af2,cons,539.0,V,V,0,-2.937748028020715,-1.8846647644549868,1.0530832635657283,0.0,0.0,0.0
6XC2,2,af2,cons,540.0,N,N,0,-3.943907139000934,-3.5163795728227556,0.42752756617817855,0.0,0.0,0.0
6XC2,2,af2,cons,541.0,F,F,0,0.29427373727802125,2.207470540889337,1.9131968036113158,0.0,0.0,0.0
6XC2,2,af2,free,,-,R,1,0.0,0.8162623657750524,0.8162623657750524,0.0,0.0,0.0
6XC2,2,af2,free,320.0,V,V,0,0.9173435346098737,-0.8795644728837124,-1.7969080074935861,0.0,0.0,0.0
6XC2,2,af2,free,321.0,Q,Q,0,-0.13647016946559581,0.02257934800428893,0.15904951746988474,0.0,0.0,0.0
6XC2,2,af2,free,322.0,P,P,0,-6.1193937637852285,-7.222499503327938,-1.10310573954271,0.0,0.0,0.0
6XC2,2,af2,free,323.0,T,T,0,-0.671983897956357,-0.9011271927173585,-0.22914329476100148,0.0,0.0,0.0
6XC2,2,af2,free,324.0,E,E,0,-2.83493844615692,-3.2177274112504977,-0.3827889650935776,0.0,0.0,0.0
6XC2,2,af2,free,325.0,S,S,0,-1.3971766086529143,-1.647952363849119,-0.25077575519620465,0.0,0.0,0.0
6XC2,2,af2,free,326.0,I,I,0,-5.001072469461636,-5.3740754411350515,-0.3730029716734151,0.0,0.0,0.0
6XC2,2,af2,free,327.0,V,V,0,-2.690966516471784,-3.2640329049973653,-0.5730663885255813,0.0,0.0,0.0
6XC2,2,af2,free,328.0,R,R,0,-1.0406682741994842,-0.4817371963065217,0.5589310778929625,0.0,0.0,0.0
6XC2,2,af2,free,329.0,F,F,0,-3.441290996810227,-2.7246567699781807,0.7166342268320465,0.0,0.0,0.0
6XC2,2,af2,free,330.0,P,P,0,-5.182735566353407,-5.493731583087214,-0.3109960167338075,0.0,0.0,0.0
6XC2,2,af2,free,331.0,N,N,0,-0.03824592597020299,-0.1514842646998366,-0.11323833872963363,0.0,0.0,0.0
6XC2,2,af2,free,332.0,I,I,0,-4.147616078054261,-4.1332600232290675,0.014356054825193532,0.0,0.0,0.0
6XC2,2,af2,free,333.0,T,T,0,-0.5268361718208838,-0.6563539501370652,-0.1295177783161814,0.0,0.0,0.0
6XC2,2,af2,free,334.0,N,N,0,-2.4383172613655617,-2.0712377978798266,0.36707946348573506,0.0,0.0,0.0
6XC2,2,af2,free,335.0,L,L,0,-0.6241367248152571,-0.624863088817591,-0.0007263640023339457,0.0,0.0,0.0
6XC2,2,af2,free,336.0,C,C,0,-2.405021202039062,-2.524667344834388,-0.11964614279532615,0.0,0.0,0.0
6XC2,2,af2,free,337.0,P,P,0,-2.8061762910281587,-3.0439017050029133,-0.23772541397475466,0.0,0.0,0.0
6XC2,2,af2,free,338.0,F,F,0,-4.889920494986652,-6.454397945819558,-1.5644774508329062,0.0,0.0,0.0
6XC2,2,af2,free,339.0,G,D,1,-0.35563803321561,-2.5984196761956597,-2.2427816429800496,0.0,0.0,0.0
6XC2,2,af2,free,340.0,E,E,0,-1.9189449908830862,-2.2914037751026752,-0.372458784219589,0.0,0.0,0.0
6XC2,2,af2,free,341.0,V,V,0,-2.785325688956581,-3.211389431413075,-0.42606374245649414,0.0,0.0,0.0
6XC2,2,af2,free,342.0,F,F,0,-5.832625997255065,-4.039773457439698,1.7928525398153674,0.0,0.0,0.0
6XC2,2,af2,free,343.0,N,N,0,-2.2324245036093555,-2.34064014259428,-0.10821563898492448,0.0,0.0,0.0
6XC2,2,af2,free,344.0,A,A,0,-2.231057257800906,-1.8161978428255505,0.4148594149753553,0.0,0.0,0.0
6XC2,2,af2,free,345.0,T,T,0,-0.576847707729689,-0.42818344118653384,0.14866426654315512,0.0,0.0,0.0
6XC2,2,af2,free,346.0,R,R,0,-0.27478441691366945,-0.8774412318630709,-0.6026568149494014,0.0,0.0,0.0
6XC2,2,af2,free,347.0,F,F,0,-1.0483996255744925,-1.1906108322983806,-0.1422112067238881,0.0,0.0,0.0
6XC2,2,af2,free,348.0,A,A,0,-1.323908834868885,-1.185535121973853,0.13837371289503198,0.0,0.0,0.0
6XC2,2,af2,free,349.0,S,S,0,-3.3886393430675934,-3.2958266845289796,0.09281265853861376,0.0,0.0,0.0
6XC2,2,af2,free,350.0,V,V,0,-1.908091847533176,-2.287737613616935,-0.3796457660837589,0.0,0.0,0.0
6XC2,2,af2,free,351.0,Y,Y,0,-2.76825264233862,-1.720895987138414,1.047356655200206,0.0,0.0,0.0
6XC2,2,af2,free,352.0,A,A,0,-1.4743762852560467,-0.5750228602858275,0.8993534249702192,0.0,0.0,0.0
6XC2,2,af2,free,353.0,W,W,0,-1.9720926454149061,-1.2536084392164697,0.7184842061984364,0.0,0.0,0.0
6XC2,2,af2,free,354.0,N,N,0,-1.6023426615643312,-2.5941438119186504,-0.9918011503543191,0.0,0.0,0.0
6XC2,2,af2,free,355.0,R,R,0,-2.466492864596373,-2.1644067111763423,0.30208615342003053,0.0,0.0,0.0
6XC2,2,af2,free,356.0,K,K,0,-3.8932802377268305,-3.1238022799996656,0.7694779577271649,0.0,0.0,0.0
6XC2,2,af2,free,357.0,R,R,0,-2.163713089553479,-1.9011904680487772,0.2625226215047016,0.0,0.0,0.0
6XC2,2,af2,free,358.0,I,I,0,-4.934566436344762,-4.90685546025304,0.027710976091722017,0.0,0.0,0.0
6XC2,2,af2,free,359.0,S,S,0,-2.46870826720226,-2.3149904889286677,0.15371777827359256,0.0,0.0,0.0
6XC2,2,af2,free,360.0,N,N,0,-2.83585045692751,-3.299475299843754,-0.4636248429162442,0.0,0.0,0.0
6XC2,2,af2,free,361.0,C,C,0,-3.5622235175883827,-3.73707640387227,-0.17485288628388718,0.0,0.0,0.0
6XC2,2,af2,free,362.0,V,V,0,-4.795812041905942,-4.384792300311126,0.41101974159481536,0.0,0.0,0.0
6XC2,2,af2,free,363.0,A,A,0,-2.4593006976112806,-2.8844443326917926,-0.425143635080512,0.0,0.0,0.0
6XC2,2,af2,free,364.0,D,D,0,-4.781265790586721,-4.418440692054966,0.36282509853175515,0.0,0.0,0.0
6XC2,2,af2,free,365.0,Y,Y,0,-8.052519109934915,-5.673004676651757,2.379514433283158,0.0,0.0,0.0
6XC2,2,af2,free,366.0,S,S,0,-3.6215190476194774,-4.335644092653382,-0.7141250450339047,0.0,0.0,0.0
6XC2,2,af2,free,367.0,V,V,0,1.214512010838441,-1.7780866644783702,-2.9925986753168115,0.0,0.0,0.0
6XC2,2,af2,free,368.0,L,L,0,-5.094613033620653,-5.3591018210372185,-0.2644887874165658,0.0,0.0,0.0
6XC2,2,af2,free,369.0,Y,Y,0,-1.5579753117361332,-1.9657862679326528,-0.4078109561965195,0.0,0.0,0.0
6XC2,2,af2,free,370.0,N,N,0,-1.8673631425265098,-0.7867148348219214,1.0806483077045885,0.0,0.0,0.0
6XC2,2,af2,free,371.0,S,F,1,-1.86625609292798,0.5824398139104228,2.4486959068384024,0.0,0.0,0.0
6XC2,2,af2,free,372.0,A,A,0,1.8031137324310333,1.9031388176252433,0.10002508519420994,0.0,0.0,0.0
6XC2,2,af2,free,373.0,S,P,1,-2.886047346282141,-3.2752558070920292,-0.389208460809888,0.0,0.0,0.0
6XC2,2,af2,free,374.0,F,F,0,-2.8772444784419733,-1.7137459621571183,1.163498516284855,0.0,0.0,0.0
6XC2,2,af2,free,375.0,S,F,1,-0.48576594968646286,1.6207231328278922,2.106489082514355,0.0,0.0,0.0
6XC2,2,af2,free,376.0,T,A,1,-1.6649415294521774,-2.08547360485787,-0.4205320754056925,0.0,0.0,0.0
6XC2,2,af2,free,377.0,F,F,0,-2.347378054528328,-0.4313730984635168,1.9160049560648114,0.0,0.0,0.0
6XC2,2,af2,free,378.0,K,K,0,-2.7739208912521396,-2.7911232820705205,-0.01720239081838093,0.0,0.0,0.0
6XC2,2,af2,free,379.0,C,C,0,-1.3424603011363845,-1.2929768947148195,0.04948340642156501,0.0,0.0,0.0
6XC2,2,af2,free,380.0,Y,Y,0,-3.5305398173454856,-4.531231145625056,-1.0006913282795704,0.0,0.0,0.0
6XC2,2,af2,free,381.0,G,G,0,-1.4656172753232866,-0.8723321428862452,0.5932851324370414,0.0,0.0,0.0
6XC2,2,af2,free,382.0,V,V,0,0.22545298104960634,-1.9769822057186088,-2.202435186768215,0.0,0.0,0.0
6XC2,2,af2,free,383.0,S,S,0,-2.241503390724571,-2.584594558206211,-0.3430911674816399,0.0,0.0,0.0
6XC2,2,af2,free,384.0,P,P,0,-6.084191280792896,-5.268562952028959,0.8156283287639372,0.0,0.0,0.0
6XC2,2,af2,free,385.0,T,T,0,-1.0906598977431416,-1.0916200993349325,-0.0009602015917908879,0.0,0.0,0.0
6XC2,2,af2,free,386.0,K,K,0,-2.6529088112697714,-1.5210405186158193,1.131868292653952,0.0,0.0,0.0
6XC2,2,af2,free,387.0,L,L,0,-6.8736619964962165,-5.659119674281502,1.2145423222147143,0.0,0.0,0.0
6XC2,2,af2,free,388.0,N,N,0,-2.229451974858064,-1.9423655758573881,0.287086399000676,0.0,0.0,0.0
6XC2,2,af2,free,389.0,D,D,0,-5.9763830577697785,-6.3748891012210045,-0.398506043451226,0.0,0.0,0.0
6XC2,2,af2,free,390.0,L,L,0,-2.442595180955494,-3.4368619458046408,-0.9942667648491468,0.0,0.0,0.0
6XC2,2,af2,free,391.0,C,C,0,-1.280469467444609,0.9023054597634206,2.1827749272080297,0.0,0.0,0.0
6XC2,2,af2,free,392.0,F,F,0,-7.600187044043069,-7.115432677650934,0.484754366392135,0.0,0.0,0.0
6XC2,2,af2,free,393.0,T,T,0,-2.8026915228539644,-3.0086583473379505,-0.20596682448398607,0.0,0.0,0.0
6XC2,2,af2,free,394.0,N,N,0,-3.49469449451048,-3.890394986018947,-0.395700491508467,0.0,0.0,0.0
6XC2,2,af2,free,395.0,V,V,0,-7.320147777962123,-6.569593797324845,0.7505539806372781,0.0,0.0,0.0
6XC2,2,af2,free,396.0,Y,Y,0,-5.115087959274005,-5.77512265796453,-0.6600346986905246,0.0,0.0,0.0
6XC2,2,af2,free,397.0,A,A,0,-2.3613954183922483,-2.7775856325516246,-0.4161902141593763,0.0,0.0,0.0
6XC2,2,af2,free,398.0,D,D,0,-7.993751862229592,-7.849459982366747,0.14429187986284564,0.0,0.0,0.0
6XC2,2,af2,free,399.0,S,S,0,-3.808269735307543,-4.649612800346577,-0.8413430650390339,0.0,0.0,0.0
6XC2,2,af2,free,400.0,F,F,0,-8.497952647945375,-8.49769611803634,0.00025652990903601847,0.0,0.0,0.0
6XC2,2,af2,free,401.0,V,V,0,-4.5348470259518745,-5.651686359953391,-1.1168393340015168,0.0,0.0,0.0
6XC2,2,af2,free,402.0,I,I,0,-5.917420169665909,-6.67844334589921,-0.7610231762333015,0.0,0.0,0.0
6XC2,2,af2,free,403.0,R,R,0,-3.8506205387331103,-3.030334606625889,0.8202859321072213,-0.7080916138469149,-0.5610988867891948,0.14699272705772004
6XC2,2,af2,free,404.0,G,G,0,-0.6072169133308375,-0.4999869178945066,0.10722999543633088,0.0,0.0,0.0
6XC2,2,af2,free,405.0,D,N,1,-3.2733238317768443,0.06546181052677025,3.3387856423036144,-1.242204718131307,-1.9035981977257037,-0.6613934795943968
6XC2,2,af2,free,406.0,E,E,0,-7.358996351882996,-6.10235737024051,1.256638981642486,0.12356659816260601,-0.1597049175382946,-0.2832715157009006
6XC2,2,af2,free,407.0,V,V,0,-2.5971832349112716,-2.7138542297522825,-0.11667099484101096,0.0,0.0,0.0
6XC2,2,af2,free,408.0,R,S,1,0.28452137015873147,-1.6291027641572786,-1.91362413431601,-1.1327522774265733,-2.2832649546214654,-1.1505126771948921
6XC2,2,af2,free,409.0,Q,Q,0,-6.466232744524915,-7.324248333790882,-0.8580155892659667,-0.02893891772617989,-0.03301172985094945,-0.004072812124769565
6XC2,2,af2,free,410.0,I,I,0,-3.29463937896009,-2.8477455712379087,0.44689380772218135,0.0,0.0,0.0
6XC2,2,af2,free,411.0,A,A,0,-0.883875348035485,-1.343307062863662,-0.45943171482817713,0.0,0.0,0.0
6XC2,2,af2,free,412.0,P,P,0,-6.214953579585889,-5.827492089819132,0.387461489766757,0.0,0.0,0.0
6XC2,2,af2,free,413.0,G,G,0,-2.7944736053340926,-2.4528161046032837,0.3416575007308089,0.0,0.0,0.0
6XC2,2,af2,free,414.0,Q,Q,0,-3.20179874257842,-2.5777412371598816,0.6240575054185382,-0.0007366753859791232,-0.00015185471088091304,0.0005848206750982102
6XC2,2,af2,free,415.0,T,T,0,-2.1416709116978723,-2.6156788075358004,-0.47400789583792813,-1.0513329723083351,-3.1554664826819705,-2.1041335103736354
6XC2,2,af2,free,416.0,G,G,0,-2.884259759268309,-3.4085418712373663,-0.5242821119690575,-0.6073402712600118,-0.6952610486370581,-0.08792077737704629
6XC2,2,af2,free,417.0,K,N,1,-0.34098842857329886,-0.5516845975037186,-0.2106961689304197,-1.007041311149024,-0.07580585775604248,0.9312354533929814
6XC2,2,af2,free,418.0,I,I,0,-6.13519162862462,-6.597275514385446,-0.46208388576082626,0.0,0.0,0.0
6XC2,2,af2,free,419.0,A,A,0,-2.8760806365718965,-2.433334530036603,0.44274610653529356,-0.00016165492458196075,6.117488046736958e-05,0.00022282980504933033
6XC2,2,af2,free,420.0,D,D,0,-7.390020591220032,-6.507354493635932,0.8826660975840994,-2.742708629621645,-0.0644636879601596,2.6782449416614855
6XC2,2,af2,free,421.0,Y,Y,0,-3.9490997291911696,-2.2746821952395453,1.6744175339516243,-4.348201277766857,-0.25603622836983075,4.0921650493970265
6XC2,2,af2,free,422.0,N,N,0,-4.360012729705885,-5.261706254358275,-0.9016935246523898,0.0,0.0,0.0
6XC2,2,af2,free,423.0,Y,Y,0,-5.598983060455859,-5.089515002000569,0.5094680584552895,0.0,0.0,0.0
6XC2,2,af2,free,424.0,K,K,0,-2.7858685814338546,-2.5448762235735374,0.24099235786031725,0.0,0.0,0.0
6XC2,2,af2,free,425.0,L,L,0,-6.063661458754956,-4.692990846856981,1.3706706118979755,0.0,0.0,0.0
6XC2,2,af2,free,426.0,P,P,0,-5.395525376907862,-5.331319784218943,0.06420559268891957,0.0,0.0,0.0
6XC2,2,af2,free,427.0,D,D,0,-2.1272306528320715,-1.3246928889029754,0.802537763929096,0.0,0.0,0.0
6XC2,2,af2,free,428.0,D,D,0,-0.6006571512818715,-0.7327361154387643,-0.1320789641568928,0.0,0.0,0.0
6XC2,2,af2,free,429.0,F,F,0,-4.5009028412892516,-4.153864682595788,0.3470381586934632,0.0,0.0,0.0
6XC2,2,af2,free,430.0,T,T,0,-3.4837073869667226,-4.449296605549466,-0.9655892185827435,0.0,0.0,0.0
6XC2,2,af2,free,431.0,G,G,0,-5.395813566914989,-5.589903186786157,-0.19408961987116768,0.0,0.0,0.0
6XC2,2,af2,free,432.0,C,C,0,-3.6916624014040607,-2.827720475870312,0.8639419255337488,0.0,0.0,0.0
6XC2,2,af2,free,433.0,V,V,0,-6.5206868764485915,-6.004388081654159,0.5162987947944329,0.0,0.0,0.0
6XC2,2,af2,free,434.0,I,I,0,-5.864254283299618,-6.3408373814911805,-0.4765830981915622,0.0,0.0,0.0
6XC2,2,af2,free,435.0,A,A,0,-6.835688184012825,-7.035551605574587,-0.19986342156176207,0.0,0.0,0.0
6XC2,2,af2,free,436.0,W,W,0,-3.673686604266358,-3.3177908296499545,0.3558957746164033,0.0,0.0,0.0
6XC2,2,af2,free,437.0,N,N,0,-2.9940541718968374,-3.863139355068548,-0.8690851831717108,0.0,0.0,0.0
6XC2,2,af2,free,438.0,S,S,0,-4.234954104925792,-4.373393485111295,-0.1384393801855035,0.0,0.0,0.0
6XC2,2,af2,free,439.0,N,N,0,-1.277887830163982,-0.4239488675631447,0.8539389626008373,0.0,0.0,0.0
6XC2,2,af2,free,440.0,N,K,1,-0.14403691027835722,-0.9065399982402815,-0.7625030879619243,0.0,0.0,0.0
6XC2,2,af2,free,441.0,L,L,0,0.16525219853539708,0.02377219753781612,-0.14148000099758096,0.0,0.0,0.0
6XC2,2,af2,free,442.0,D,D,0,-9.389595457730461,-7.605825004578092,1.7837704531523695,0.0,0.0,0.0
6XC2,2,af2,free,443.0,S,S,0,-1.9633153741120293,-3.483139090725814,-1.5198237166137847,0.0,0.0,0.0
6XC2,2,af2,free,444.0,K,K,0,-1.8271897721696286,-1.9400549235879567,-0.11286515141832809,0.0,0.0,0.0
6XC2,2,af2,free,445.0,V,V,0,1.2590308342470573,3.0334732477329966,1.7744424134859393,0.0,0.0,0.0
6XC2,2,af2,free,446.0,G,G,0,-3.355734622350314,-0.31663615573982334,3.0390984666104908,-0.05794046616344542,0.0,0.05794046616344542
6XC2,2,af2,free,447.0,G,G,0,-2.6927760084862884,-1.472616093184988,1.2201599153013003,-0.04505218582660485,0.0,0.04505218582660485
6XC2,2,af2,free,448.0,N,N,0,-4.769425999098941,-1.9186407549925955,2.850785244106346,0.0,0.0,0.0
6XC2,2,af2,free,449.0,Y,Y,0,-1.5510046179809702,1.0112547933330143,2.5622594113139847,-0.08008146515925713,0.0,0.08008146515925713
6XC2,2,af2,free,450.0,N,N,0,-0.8686920634915767,-2.3196574807657955,-1.4509654172742188,0.0,0.0,0.0
6XC2,2,af2,free,451.0,Y,Y,0,-5.201346858565173,0.41966046093907944,5.621007319504252,0.0,0.0,0.0
6XC2,2,af2,free,452.0,L,Q,1,-3.512124390856722,-3.89565450712231,-0.38353011626558775,0.0,0.0,0.0
6XC2,2,af2,free,453.0,Y,Y,0,-6.774652258708346,-4.6621635697413,2.112488688967046,-2.4064738694988637,-2.2782793985328995,0.12819447096596415
6XC2,2,af2,free,454.0,R,R,0,-5.385213259752077,-3.6831622100774317,1.7020510496746453,-0.006258348770687504,0.004447632137054378,0.010705980907741882
6XC2,2,af2,free,455.0,L,L,0,-3.2583402049607857,-3.6631382305147726,-0.4047980255539869,-5.67994198736149,-2.0616900967022502,3.6182518906592396
6XC2,2,af2,free,456.0,F,F,0,-5.483889655346637,-1.2230047815929574,4.26088487375368,-2.3689905566128218,-4.34382633547676,-1.9748357788639384
6XC2,2,af2,free,457.0,R,R,0,-1.28942524523664,-1.071143005294141,0.21828223994249885,-0.1882861968132445,-4.205200843101929,-4.016914646288685
6XC2,2,af2,free,458.0,K,K,0,-1.2886711933997663,-2.4182165237040287,-1.1295453303042624,-0.07828761282688426,-2.0339014088259457,-1.9556137959990614
6XC2,2,af2,free,459.0,S,S,0,-1.9274588934958616,-1.4210946180521618,0.5063642754436999,-0.21588824572557194,-0.21601056897763102,-0.00012232325205907557
6XC2,2,af2,free,460.0,N,N,0,-1.5207368109037598,-0.9188809261920308,0.601855884711729,-2.3255561811352212,-0.45690520921190625,1.8686509719233149
6XC2,2,af2,free,461.0,L,L,0,-3.1639134254597576,-4.626675445195232,-1.4627620197354747,-1.9387293213189022e-05,0.0,1.9387293213189022e-05
6XC2,2,af2,free,462.0,K,K,0,-2.610802096851192,-2.5838232981260454,0.026978798725146635,0.0,0.0,0.0
6XC2,2,af2,free,463.0,P,P,0,-4.949082274793207,-4.532364846519714,0.41671742827349245,0.0,0.0,0.0
6XC2,2,af2,free,464.0,F,F,0,-1.54292664645757,-1.952300349253088,-0.409373702795518,0.0,0.0,0.0
6XC2,2,af2,free,465.0,E,E,0,-4.832862333399236,-3.117674007793957,1.7151883256052787,0.0,0.0,0.0
6XC2,2,af2,free,466.0,R,R,0,-0.8376076005927712,-0.9714793128712818,-0.13387171227851058,0.0,0.0,0.0
6XC2,2,af2,free,467.0,D,D,0,-5.21498335065314,-4.70159238053222,0.5133909701209198,0.0,0.0,0.0
6XC2,2,af2,free,468.0,I,I,0,0.7847354020027648,2.2127415612647363,1.4280061592619715,0.0,0.0,0.0
6XC2,2,af2,free,469.0,S,S,0,-3.5697860453489065,-2.0885162187560016,1.481269826592905,0.0,0.0,0.0
6XC2,2,af2,free,470.0,T,T,0,-1.0332689795056318,-0.9978310421046284,0.03543793740100343,0.0,0.0,0.0
6XC2,2,af2,free,471.0,E,E,0,-3.1370702890029807,-2.895877303773855,0.2411929852291257,0.0,0.0,0.0
6XC2,2,af2,free,472.0,I,I,0,-1.426380282140274,-0.8628503456179633,0.5635299365223108,0.0,0.0,0.0
6XC2,2,af2,free,473.0,Y,Y,0,-5.036269261581573,-5.5531077029956375,-0.5168384414140643,-2.5503111432229137,-0.13938175151967708,2.410929391703237
6XC2,2,af2,free,474.0,Q,Q,0,-2.0127062456044147,-2.836348358414627,-0.8236421128102123,0.11418405497388204,0.034378848408744375,-0.07980520656513766
6XC2,2,af2,free,475.0,A,A,0,-4.029472780994818,-2.0810272840684725,1.9484454969263458,-3.9362007398913264,-2.6204136807050933,1.315787059186233
6XC2,2,af2,free,476.0,G,G,0,-1.2438386241283301,-2.2239182789237324,-0.9800796547954023,-1.0802421957766752,-2.5192945993993336,-1.4390524036226584
6XC2,2,af2,free,477.0,S,N,1,-0.5120161130223759,-1.5566723245613394,-1.0446562115389635,0.14265955093028532,-0.6282855596135957,-0.7709451105438809
6XC2,2,af2,free,478.0,T,K,1,0.8567216375521485,-1.6295927371108927,-2.486314374663041,0.0019132461466736714,-1.7648271364091068,-1.7667403825557806
6XC2,2,af2,free,479.0,P,P,0,-4.795173505837743,-4.8452437889232485,-0.050070283085505096,0.0,0.0,0.0
6XC2,2,af2,free,480.0,C,C,0,0.804929356336189,1.7255801568994622,0.9206508005632732,0.0,0.0,0.0
6XC2,2,af2,free,481.0,N,N,0,-0.06982366290199139,-0.6345649469760916,-0.5647412840741002,0.0,0.0,0.0
6XC2,2,af2,free,482.0,G,G,0,-1.1021945890017315,-3.259693732667791,-2.157499143666059,0.0,0.0,0.0
6XC2,2,af2,free,483.0,V,V,0,0.5473407017373495,-0.6131732474756303,-1.1605139492129797,-0.05863901056025744,0.0,0.05863901056025744
6XC2,2,af2,free,484.0,E,A,1,-1.0391428393451574,-0.19508135213481975,0.8440614872103376,-2.0743672759592777,-0.00010361348503847012,2.074263662474239
6XC2,2,af2,free,485.0,G,G,0,0.08671387423428331,-1.5073146159963557,-1.594028490230639,-0.008353617632234543,-0.1141608286438214,-0.10580721101158685
6XC2,2,af2,free,486.0,F,F,0,0.1659379709179053,1.7962473482767924,1.6303093773588873,-6.323155073238599,-3.455798296939179,2.86735677629942
6XC2,2,af2,free,487.0,N,N,0,-5.9324924792214775,-4.004222037667902,1.9282704415535754,-2.3311954680058884,-1.4617478954665257,0.8694475725393627
6XC2,2,af2,free,488.0,C,C,0,0.15940429242936183,-0.2036182876540341,-0.36302258008339594,0.025049568617439368,-0.014544775899945248,-0.03959434451738462
6XC2,2,af2,free,489.0,Y,Y,0,-6.578146460865608,-5.640790279481911,0.9373561813836968,-5.410898423549928,-0.9025459266057421,4.508352496944186
6XC2,2,af2,free,490.0,F,F,0,0.5565345338841845,-4.862678495742994,-5.419213029627178,0.029906145591500233,0.0,-0.029906145591500233
6XC2,2,af2,free,491.0,P,P,0,-7.462522731938496,-3.8956069910090743,3.566915740929422,-4.488581971291705e-05,0.0,4.488581971291705e-05
6XC2,2,af2,free,492.0,L,L,0,-5.1145354174055795,-0.5199171606022548,4.594618256803325,-0.19484666615674548,0.0,0.19484666615674548
6XC2,2,af2,free,493.0,Q,R,1,-3.28335878773786,-2.9928011159795607,0.2905576717582994,-1.7549579901027423,0.0,1.7549579901027423
6XC2,2,af2,free,494.0,S,S,0,-2.928317777378242,1.4287805280608705,4.357098305439113,0.19782303899339834,0.0917277158295582,-0.10609532316384014
6XC2,2,af2,free,495.0,Y,Y,0,-4.8189350945950435,-2.61156590140922,2.2073691931858237,-0.08277433212139465,-5.38347772037674,-5.300703388255345
6XC2,2,af2,free,496.0,G,G,0,-0.7464886846130504,-1.1873373991800857,-0.44084871456703534,0.4637528504107322,0.008752219497695127,-0.4550006309130371
6XC2,2,af2,free,497.0,F,F,0,-6.120714175012071,-1.3525236653200503,4.768190509692021,-0.20637681641242045,0.0009270932232950735,0.20730390963571552
6XC2,2,af2,free,498.0,Q,R,1,-1.9784013184014024,0.013023209391352097,1.9914245277927545,-2.472301905613272,-3.1762198136226942,-0.7039179080094224
6XC2,2,af2,free,499.0,P,P,0,-4.27165730016474,-4.526389214106245,-0.2547319139415043,0.0,0.23642123135477724,0.23642123135477724
6XC2,2,af2,free,500.0,T,T,0,0.049359781162711114,-2.8557366267139477,-2.905096407876659,-1.0221099608064206,-0.04321217292907607,0.9788977878773445
6XC2,2,af2,free,501.0,N,Y,1,-4.381254607232163,-0.902345976395227,3.4789086308369366,-6.0367185944909245,-0.3797960479311593,5.656922546559765
6XC2,2,af2,free,502.0,G,G,0,-1.2431814508535675,-3.9947167935322416,-2.7515353426786744,-2.3779596834982826,-0.5466970148158539,1.8312626686824287
6XC2,2,af2,free,503.0,V,V,0,0.7225789779038858,0.12561540368190166,-0.5969635742219841,-2.1423314132711795,-4.190278441223861,-2.0479470279526817
6XC2,2,af2,free,504.0,G,G,0,-1.8640699072982336,-2.827596481442903,-0.9635265741446695,-0.10284199200776337,-1.1764987034998657,-1.0736567114921023
6XC2,2,af2,free,505.0,Y,H,1,-5.15043273725396,-1.5895994214699949,3.560833315783965,-8.004823357205032,0.011084859918297331,8.015908217123329
6XC2,2,af2,free,506.0,Q,Q,0,-5.150182622026041,-0.49005786910501026,4.660124752921031,-0.0008359847700462854,0.0,0.0008359847700462854
6XC2,2,af2,free,507.0,P,P,0,-7.160395440179665,-6.9951948719437445,0.1652005682359201,0.0,0.0,0.0
6XC2,2,af2,free,508.0,Y,Y,0,-3.243215531573578,-3.5473933662817396,-0.30417783470816184,0.0,0.0,0.0
6XC2,2,af2,free,509.0,R,R,0,-7.083840655179653,-6.468171142639345,0.6156695125403084,0.0,0.0,0.0
6XC2,2,af2,free,510.0,V,V,0,-6.990349158126803,-6.409896838940394,0.580452319186409,0.0,0.0,0.0
6XC2,2,af2,free,511.0,V,V,0,-7.755806559727732,-6.316067919355029,1.4397386403727035,0.0,0.0,0.0
6XC2,2,af2,free,512.0,V,V,0,-7.219505499715564,-5.884164804250616,1.3353406954649483,0.0,0.0,0.0
6XC2,2,af2,free,513.0,L,L,0,-7.92020494505034,-7.118660676959596,0.8015442680907441,0.0,0.0,0.0
6XC2,2,af2,free,514.0,S,S,0,-3.9200257648881442,-4.069840674103605,-0.1498149092154608,0.0,0.0,0.0
6XC2,2,af2,free,515.0,F,F,0,-4.591930657598321,-5.3756122894373615,-0.7836816318390403,0.0,0.0,0.0
6XC2,2,af2,free,516.0,E,E,0,-4.470774800978487,-5.297379347224083,-0.826604546245596,0.0,0.0,0.0
6XC2,2,af2,free,517.0,L,L,0,-0.47232857339452294,1.1749471819223103,1.6472757553168331,0.0,0.0,0.0
6XC2,2,af2,free,518.0,L,L,0,2.1700434502468164,0.18465611576725366,-1.9853873344795627,0.0,0.0,0.0
6XC2,2,af2,free,519.0,H,H,0,0.02878672437136237,1.7843469807241585,1.7555602563527961,0.0,0.0,0.0
6XC2,2,af2,free,520.0,A,A,0,0.06690372055982019,1.7116214472870528,1.6447177267272326,0.0,0.0,0.0
6XC2,2,af2,free,521.0,P,P,0,-3.053430279882558,-3.5469386242778986,-0.4935083443953405,0.0,0.0,0.0
6XC2,2,af2,free,522.0,A,A,0,-2.2240397144612833,-1.9429637005081242,0.2810760139531592,0.0,0.0,0.0
6XC2,2,af2,free,523.0,T,T,0,-4.30625651991794,-5.11075517787909,-0.8044986579611502,0.0,0.0,0.0
6XC2,2,af2,free,524.0,V,V,0,-6.342437532861993,-5.612614204987903,0.7298233278740902,0.0,0.0,0.0
6XC2,2,af2,free,525.0,C,C,0,-2.4158879641760778,-1.4716323783578407,0.9442555858182371,0.0,0.0,0.0
6XC2,2,af2,free,526.0,G,G,0,-2.664068567537154,-1.2803374026964105,1.3837311648407435,0.0,0.0,0.0
6XC2,2,af2,free,527.0,P,P,0,-2.552218034014162,-3.7845289859857028,-1.2323109519715407,0.0,0.0,0.0
6XC2,2,af2,free,528.0,K,K,0,-1.9797990924372557,-1.5137873472760153,0.46601174516124044,0.0,0.0,0.0
6XC2,2,af2,free,529.0,K,K,0,-0.6159729835934081,-0.8359840618077947,-0.2200110782143866,0.0,0.0,0.0
6XC2,2,af2,free,530.0,S,S,0,-2.488151446751675,-2.9309249760045923,-0.44277352925291735,0.0,0.0,0.0
6XC2,2,af2,free,531.0,T,T,0,-2.201533676859624,-2.78372980538624,-0.5821961285266162,0.0,0.0,0.0
6XC2,2,af2,free,532.0,N,N,0,-0.28609535664957175,-0.40597689806028747,-0.11988154141071572,0.0,0.0,0.0
6XC2,2,af2,free,533.0,L,L,0,-1.176106141789047,-1.166561955846103,0.00954418594294415,0.0,0.0,0.0
6XC2,2,af2,free,534.0,V,V,0,-1.6946531330382721,-1.9005130742132974,-0.20585994117502526,0.0,0.0,0.0
6XC2,2,af2,free,535.0,K,K,0,-0.3352736778269363,-0.4242440476612172,-0.08897036983428092,0.0,0.0,0.0
6XC2,2,af2,free,536.0,N,N,0,-1.036564996477739,-1.0048925681009477,0.031672428376791295,0.0,0.0,0.0
6XC2,2,af2,free,537.0,K,K,0,-2.0038582693837887,-2.2296496069155944,-0.2257913375318057,0.0,0.0,0.0
6XC2,2,af2,free,538.0,C,C,0,-1.5114155997800827,-1.4778543098720645,0.03356128990801821,0.0,0.0,0.0
6XC2,2,af2,free,539.0,V,V,0,-2.6801064217101938,-1.654405740985731,1.0257006807244629,0.0,0.0,0.0
6XC2,2,af2,free,540.0,N,N,0,-3.5643043259773144,-2.3191709100932556,1.2451334158840588,0.0,0.0,0.0
6XC2,2,af2,free,541.0,F,F,0,0.06562909796184058,0.5207747678165497,0.45514566985470917,0.0,0.0,0.0
