pdb,antibody,method,constrained,site,wt,om,mutated,wt_tot,om_tot,d_tot,wt_int,om_int,d_int
7CZY,2,rpk,cons,319,R,R,0,0.9205642476759139,0.9248411591510011,0.004276911475087131,0.0,0.0,0.0
7CZY,2,rpk,cons,320,V,V,0,-0.4092967783833754,-0.4056618308634979,0.0036349475198775294,0.0,0.0,0.0
7CZY,2,rpk,cons,321,Q,Q,0,-0.7210993965239263,-0.7141048002869381,0.006994596236988171,0.0,0.0,0.0
7CZY,2,rpk,cons,322,P,P,0,-5.375080896136098,-5.381925410841733,-0.00684451470563463,0.0,0.0,0.0
7CZY,2,rpk,cons,323,T,T,0,-0.011782568380345887,-0.019318181927492628,-0.007535613547146741,0.0,0.0,0.0
7CZY,2,rpk,cons,324,E,E,0,-2.6840244028814855,-2.693518507591449,-0.00949410470996348,0.0,0.0,0.0
7CZY,2,rpk,cons,325,S,S,0,-0.7458660325944033,-0.7374258805631301,0.00844015203127324,0.0,0.0,0.0
7CZY,2,rpk,cons,326,I,I,0,-4.527170731199123,-4.523568422641924,0.0036023085571992297,0.0,0.0,0.0
7CZY,2,rpk,cons,327,V,V,0,-1.4350789275979492,-1.4312015415990103,0.0038773859989389425,0.0,0.0,0.0
7CZY,2,rpk,cons,328,R,R,0,-0.3528887728727553,-0.34391006022110215,0.00897871265165312,0.0,0.0,0.0
7CZY,2,rpk,cons,329,F,F,0,0.5108974250006101,0.5148283737022155,0.003930948701605375,0.0,0.0,0.0
7CZY,2,rpk,cons,330,P,P,0,-2.4809454668651068,-2.479916916452995,0.001028550412111695,0.0,0.0,0.0
7CZY,2,rpk,cons,331,N,N,0,1.266874026549151,1.2389534477097162,-0.027920578839434773,0.0,0.0,0.0
7CZY,2,rpk,cons,332,I,I,0,-2.1062776314223366,-2.1015139437321837,0.004763687690152896,0.0,0.0,0.0
7CZY,2,rpk,cons,333,T,T,0,-0.08109727350958051,-0.07608829830903063,0.005008975200549881,0.0,0.0,0.0
7CZY,2,rpk,cons,334,N,N,0,-3.0113961674524052,-3.0006367885742335,0.010759378878171688,0.0,0.0,0.0
7CZY,2,rpk,cons,335,L,L,0,-0.7182710741689255,-0.6966128490119986,0.021658225156926947,0.0,0.0,0.0
7CZY,2,rpk,cons,336,C,C,0,6.179090109925071,6.164693037897147,-0.01439707202792384,0.0,0.0,0.0
7CZY,2,rpk,cons,337,P,P,0,2.941745661929537,2.8235586431195983,-0.11818701880993876,0.0,0.0,0.0
7CZY,2,rpk,cons,338,F,F,0,-4.614519064368012,-4.464440782447067,0.15007828192094497,0.0,0.0,0.0
7CZY,2,rpk,cons,339,G,D,1,0.2605816725558867,-1.6494804818464897,-1.9100621544023764,0.0,0.0,0.0
7CZY,2,rpk,cons,340,E,E,0,-2.037431377377892,-2.3440083358991775,-0.30657695852128564,0.0,0.0,0.0
7CZY,2,rpk,cons,341,V,V,0,-3.4401109000551187,-3.3316320958235295,0.10847880423158918,0.0,0.0,0.0
7CZY,2,rpk,cons,342,F,F,0,-4.719081153177721,-4.830294416960654,-0.11121326378293261,0.0,0.0,0.0
7CZY,2,rpk,cons,343,N,N,0,-1.9171958457977485,-1.9943830615423144,-0.07718721574456588,0.0,0.0,0.0
7CZY,2,rpk,cons,344,A,A,0,-2.4519890552718895,-2.434844029504541,0.017145025767348443,0.0,0.0,0.0
7CZY,2,rpk,cons,345,T,T,0,-0.39277951597609795,-0.3646665080324313,0.028113007943666668,0.0,0.0,0.0
7CZY,2,rpk,cons,346,R,R,0,0.8204761287706844,0.6247826728338262,-0.19569345593685827,0.0,0.0,0.0
7CZY,2,rpk,cons,347,F,F,0,-1.8736868367417403,-1.750955923204964,0.12273091353677623,0.0,0.0,0.0
7CZY,2,rpk,cons,348,A,A,0,-1.0028678205880526,-1.0226122204323616,-0.01974439984430898,0.0,0.0,0.0
7CZY,2,rpk,cons,349,S,S,0,-3.13546906311366,-3.0922437543628223,0.043225308750837854,0.0,0.0,0.0
7CZY,2,rpk,cons,350,V,V,0,-2.0381948237928587,-1.9559943275037537,0.08220049628910497,0.0,0.0,0.0
7CZY,2,rpk,cons,351,Y,Y,0,-2.0326127718157103,-2.013336451164385,0.01927632065132512,0.0,0.0,0.0
7CZY,2,rpk,cons,352,A,A,0,-1.2560093216269261,-1.2142494060168016,0.04175991561012449,0.0,0.0,0.0
7CZY,2,rpk,cons,353,W,W,0,-0.7625747675484386,-0.7563630656225637,0.006211701925874835,0.0,0.0,0.0
7CZY,2,rpk,cons,354,N,N,0,-1.764674967442346,-1.8205052726202517,-0.05583030517790566,0.0,0.0,0.0
7CZY,2,rpk,cons,355,R,R,0,-0.12963194971181063,-0.07865211349024867,0.050979836221561964,0.0,0.0,0.0
7CZY,2,rpk,cons,356,K,K,0,-3.930958120931316,-3.916531344885657,0.014426776045659118,0.0,0.0,0.0
7CZY,2,rpk,cons,357,R,R,0,-2.2564455264986023,-2.2514221752077024,0.0050233512908999245,0.0,0.0,0.0
7CZY,2,rpk,cons,358,I,I,0,-3.4595882620025638,-3.4653796141425106,-0.005791352139946859,0.0,0.0,0.0
7CZY,2,rpk,cons,359,S,S,0,-0.1820307446227838,-0.1637923614859315,0.018238383136852304,0.0,0.0,0.0
7CZY,2,rpk,cons,360,N,N,0,-0.6198545885247964,-0.6069408241901519,0.012913764334644418,0.0,0.0,0.0
7CZY,2,rpk,cons,361,C,C,0,-2.1485037205429425,-2.1094411642023037,0.03906255634063882,0.0,0.0,0.0
7CZY,2,rpk,cons,362,V,V,0,-1.2823405840862634,-1.2844386830048393,-0.0020980989185759302,0.0,0.0,0.0
7CZY,2,rpk,cons,363,A,A,0,-2.997762890346281,-3.0153844828945418,-0.01762159254826079,0.0,0.0,0.0
7CZY,2,rpk,cons,364,D,D,0,-5.386362839283918,-5.369190397816302,0.017172441467615762,0.0,0.0,0.0
7CZY,2,rpk,cons,365,Y,Y,0,-7.18098143574932,-7.154135814997003,0.02684562075231689,0.0,0.0,0.0
7CZY,2,rpk,cons,366,S,S,0,-4.077586981881656,-4.147613112628486,-0.07002613074682973,0.0,0.0,0.0
7CZY,2,rpk,cons,367,V,V,0,1.560537845007082,1.2098097607242781,-0.3507280842828038,0.0,0.0,0.0
7CZY,2,rpk,cons,368,L,L,0,-5.11036937037423,-4.098981402938758,1.0113879674354722,0.0,0.0,0.0
7CZY,2,rpk,cons,369,Y,Y,0,-1.4630840893493045,-0.31105535890368846,1.152028730445616,0.0,0.0,0.0
7CZY,2,rpk,cons,370,N,N,0,-1.811133091231386,-2.1581836804838073,-0.34705058925242116,0.0,0.0,0.0
7CZY,2,rpk,cons,371,S,L,1,-2.624647975714497,1.1548601045551194,3.7795080802696166,0.0,0.0,0.0
7CZY,2,rpk,cons,372,A,A,0,2.315167207688871,3.272237934280553,0.9570707265916818,0.0,0.0,0.0
7CZY,2,rpk,cons,373,S,P,1,-1.984086446233565,2.8898989753505098,4.8739854215840746,0.0,0.0,0.0
7CZY,2,rpk,cons,374,F,F,0,-1.9512031072875315,-2.3707540052766842,-0.4195508979891527,0.0,0.0,0.0
7CZY,2,rpk,cons,375,S,F,1,-0.581457264935886,1.9987979504927487,2.5802552154286347,0.0,0.0,0.0
7CZY,2,rpk,cons,376,T,T,0,-1.902305411752564,-2.2301819002198346,-0.3278764884672707,0.0,0.0,0.0
7CZY,2,rpk,cons,377,F,F,0,-1.7858378683982206,-1.8696427779853788,-0.08380490958715825,0.0,0.0,0.0
7CZY,2,rpk,cons,378,K,K,0,-2.722494038194358,-2.739402925117028,-0.016908886922669897,0.0,0.0,0.0
7CZY,2,rpk,cons,379,C,C,0,-0.8190368387672604,-0.7945769289466789,0.02445990982058155,0.0,0.0,0.0
7CZY,2,rpk,cons,380,Y,Y,0,-2.7863609233835933,-2.801841407850515,-0.015480484466921851,0.0,0.0,0.0
7CZY,2,rpk,cons,381,G,G,0,-0.14875700247406715,-0.10362429498728365,0.0451327074867835,0.0,0.0,0.0
7CZY,2,rpk,cons,382,V,V,0,-0.6285788342045517,-0.5483085029793124,0.0802703312252393,0.0,0.0,0.0
7CZY,2,rpk,cons,383,S,S,0,-0.8718050710921831,-0.8618087895662415,0.009996281525941564,0.0,0.0,0.0
7CZY,2,rpk,cons,384,P,P,0,-5.24535039475081,-5.388717023867966,-0.14336662911715603,0.0,0.0,0.0
7CZY,2,rpk,cons,385,T,T,0,0.007292044050295821,0.14924693891559876,0.14195489486530294,0.0,0.0,0.0
7CZY,2,rpk,cons,386,K,K,0,-0.6725315140519903,-0.6814377318864892,-0.008906217834498853,0.0,0.0,0.0
7CZY,2,rpk,cons,387,L,L,0,-3.457801834530649,-3.5132115628936975,-0.05540972836304858,0.0,0.0,0.0
7CZY,2,rpk,cons,388,N,N,0,-1.6033754397285058,-1.6343357716545275,-0.030960331926021656,0.0,0.0,0.0
7CZY,2,rpk,cons,389,D,D,0,-1.8236864171026685,-1.7888163390578002,0.0348700780448683,0.0,0.0,0.0
7CZY,2,rpk,cons,390,L,L,0,-2.669115990362441,-2.7101253954277165,-0.041009405065275395,0.0,0.0,0.0
7CZY,2,rpk,cons,391,C,C,0,2.04404667801924,2.028624752005086,-0.015421926014154153,0.0,0.0,0.0
7CZY,2,rpk,cons,392,F,F,0,-4.371861762531337,-4.405877600149647,-0.03401583761830995,0.0,0.0,0.0
7CZY,2,rpk,cons,393,T,T,0,-3.196757459193325,-3.1899390201584765,0.006818439034848467,0.0,0.0,0.0
7CZY,2,rpk,cons,394,N,N,0,-2.8649211305619966,-2.8751063466414775,-0.010185216079480863,0.0,0.0,0.0
7CZY,2,rpk,cons,395,V,V,0,-3.913962808758461,-3.903198337447448,0.01076447131101288,0.0,0.0,0.0
7CZY,2,rpk,cons,396,Y,Y,0,-5.325873841291277,-5.34402031411844,-0.018146472827162974,0.0,0.0,0.0
7CZY,2,rpk,cons,397,A,A,0,-3.4628288886356566,-3.4331574454197336,0.029671443215923077,0.0,0.0,0.0
7CZY,2,rpk,cons,398,D,D,0,-5.275117440901352,-5.308283739571139,-0.03316629866978715,0.0,0.0,0.0
7CZY,2,rpk,cons,399,S,S,0,-4.191536820906467,-4.083562346924763,0.10797447398170412,0.0,0.0,0.0
7CZY,2,rpk,cons,400,F,F,0,-8.933854357967228,-8.818207949242174,0.11564640872505372,0.0,0.0,0.0
7CZY,2,rpk,cons,401,V,V,0,-4.358460305562189,-4.344881973972124,0.013578331590064607,0.0,0.0,0.0
7CZY,2,rpk,cons,402,I,I,0,-4.570515575889275,-4.69658040082803,-0.12606482493875504,0.0,0.0,0.0
7CZY,2,rpk,cons,403,R,R,0,-3.855461030215787,-3.3974750406872265,0.4579859895285603,-0.11935190766425464,0.040661459423690476,0.1600133670879451
7CZY,2,rpk,cons,404,G,G,0,0.7100735499719772,0.6533342807418157,-0.05673926923016159,0.0,0.0,0.0
7CZY,2,rpk,cons,405,D,D,0,-3.173546284979307,-3.138748922016624,0.034797362962682765,-0.14081005412138464,-0.26355941409994765,-0.12274935997856301
7CZY,2,rpk,cons,406,E,E,0,-7.035170787568001,-7.83930316207263,-0.8041323745046292,0.0,0.0,0.0
7CZY,2,rpk,cons,407,V,V,0,-1.608633567995763,-1.7208245340428032,-0.11219096604704015,0.0,0.0,0.0
7CZY,2,rpk,cons,408,R,R,0,0.7796253980730825,0.7646708917245824,-0.014954506348500152,0.0,0.0,0.0
7CZY,2,rpk,cons,409,Q,Q,0,-6.428005299634846,-7.188479100051704,-0.7604738004168583,0.0,0.0,0.0
7CZY,2,rpk,cons,410,I,I,0,-4.396361808261831,-4.4420203443298405,-0.04565853606800907,0.0,0.0,0.0
7CZY,2,rpk,cons,411,A,A,0,-1.024281061666726,-0.9626467541017172,0.06163430756500876,0.0,0.0,0.0
7CZY,2,rpk,cons,412,P,P,0,-5.662005693965209,-5.257881310510417,0.40412438345479185,0.0,0.0,0.0
7CZY,2,rpk,cons,413,G,G,0,-1.2367898774851764,-1.4653500098939443,-0.22856013240876782,0.0,0.0,0.0
7CZY,2,rpk,cons,414,Q,Q,0,-2.633598220185612,-2.5890689995078544,0.044529220677757664,0.0,0.0,0.0
7CZY,2,rpk,cons,415,T,T,0,-1.297571913082891,-1.2208155048716844,0.07675640821120666,0.0,0.0,0.0
7CZY,2,rpk,cons,416,G,G,0,-1.6856165334664834,-1.8424970751321914,-0.15688054166570797,0.0,0.0,0.0
7CZY,2,rpk,cons,417,K,N,1,0.02827255527463097,0.22105737358356348,0.19278481830893252,0.0027710247714699543,-0.00012081363058322886,-0.002891838402053183
7CZY,2,rpk,cons,418,I,I,0,-5.341978094155938,-5.557558290570665,-0.21558019641472637,0.0,0.0,0.0
7CZY,2,rpk,cons,419,A,A,0,-1.8658129348846548,-1.8718191620497397,-0.006006227165084921,0.0,0.0,0.0
7CZY,2,rpk,cons,420,D,D,0,-5.3760410443747615,-5.423958309141904,-0.04791726476714242,0.0,0.0,0.0
7CZY,2,rpk,cons,421,Y,Y,0,0.9111659675139632,1.256180650347703,0.3450146828337399,-1.0322805691289965,-0.997698604490838,0.034581964638158436
7CZY,2,rpk,cons,422,N,N,0,-1.8899228897188842,-1.8371961124518155,0.05272677726706876,0.0,0.0,0.0
7CZY,2,rpk,cons,423,Y,Y,0,-4.8562371677200975,-4.9211634569522325,-0.06492628923213495,0.0,0.0,0.0
7CZY,2,rpk,cons,424,K,K,0,-2.544553243584157,-2.4857429382759846,0.05881030530817233,0.0,0.0,0.0
7CZY,2,rpk,cons,425,L,L,0,-6.2658725148548156,-6.476146485932055,-0.21027397107723989,0.0,0.0,0.0
7CZY,2,rpk,cons,426,P,P,0,-4.985994487238893,-4.951224263404402,0.034770223834490466,0.0,0.0,0.0
7CZY,2,rpk,cons,427,D,D,0,-1.264367948901657,-1.2905478020179004,-0.02617985311624338,0.0,0.0,0.0
7CZY,2,rpk,cons,428,D,D,0,-0.047259762418901605,-0.053946711003199685,-0.00668694858429808,0.0,0.0,0.0
7CZY,2,rpk,cons,429,F,F,0,-3.288531387677587,-3.235218591905464,0.05331279577212289,0.0,0.0,0.0
7CZY,2,rpk,cons,430,T,T,0,-1.045223505796583,-1.0890484173291735,-0.04382491153259038,0.0,0.0,0.0
7CZY,2,rpk,cons,431,G,G,0,-4.9920642142051435,-4.933480188255379,0.05858402594976475,0.0,0.0,0.0
7CZY,2,rpk,cons,432,C,C,0,-2.1409595858395023,-2.162908608266802,-0.02194902242729979,0.0,0.0,0.0
7CZY,2,rpk,cons,433,V,V,0,-5.891891126707494,-5.876580516563495,0.015310610143998815,0.0,0.0,0.0
7CZY,2,rpk,cons,434,I,I,0,-7.412650973135774,-7.456960212547359,-0.04430923941158493,0.0,0.0,0.0
7CZY,2,rpk,cons,435,A,A,0,-6.20034401966708,-6.48155884281627,-0.28121482314919,0.0,0.0,0.0
7CZY,2,rpk,cons,436,W,W,0,-3.531124971513298,-3.383085079902854,0.14803989161044395,0.0,0.0,0.0
7CZY,2,rpk,cons,437,N,N,0,-3.349482938736813,-2.324900994163249,1.0245819445735638,0.0,0.0,0.0
7CZY,2,rpk,cons,438,S,S,0,-4.013239913808731,-4.067231669093318,-0.05399175528458677,0.0,0.0,0.0
7CZY,2,rpk,cons,439,N,N,0,-1.2930532220436604,-0.5096856622301944,0.783367559813466,0.0,0.0,0.0
7CZY,2,rpk,cons,440,N,K,1,-0.25922769953992864,-0.16233764618068203,0.09689005335924661,0.0,0.0,0.0
7CZY,2,rpk,cons,441,L,L,0,-0.42501831099331966,-0.3588344975951291,0.06618381339819057,0.0,0.0,0.0
7CZY,2,rpk,cons,442,D,D,0,-8.331496895759491,-8.419065447627023,-0.08756855186753221,0.0,0.0,0.0
7CZY,2,rpk,cons,443,S,S,0,-1.8327720535412226,-1.8040225738265407,0.02874947971468189,0.0,0.0,0.0
7CZY,2,rpk,cons,444,K,K,0,-2.2976352212642897,-2.739282680925973,-0.4416474596616835,0.0,0.0,0.0
7CZY,2,rpk,cons,445,V,V,0,2.0564004934458473,2.0729445501334807,0.01654405668763337,-0.074318112984437,-0.03448169378128059,0.039836419203156406
7CZY,2,rpk,cons,446,G,S,1,-1.6666489629012666,2.1017010345157754,3.768349997417042,-0.06362690638077986,-0.2730514441792452,-0.20942453779846534
7CZY,2,rpk,cons,447,G,G,0,-2.826337919598494,-1.7576379052554174,1.0687000143430765,-0.024642745857694943,-0.025204828345550347,-0.0005620824878554039
7CZY,2,rpk,cons,448,N,N,0,-3.681992525749474,-3.588630350696047,0.09336217505342681,0.0,0.0,0.0
7CZY,2,rpk,cons,449,Y,Y,0,-2.3406047387952698,-1.9933170281689423,0.34728771062632746,-3.149224064656573,-2.9818917905107507,0.16733227414582208
7CZY,2,rpk,cons,450,N,N,0,-0.5379925375424509,-0.49516752393988067,0.04282501360257024,0.0,0.0,0.0
7CZY,2,rpk,cons,451,Y,Y,0,-4.447519818711435,-4.4031096551314715,0.04441016357996386,0.0,0.0,0.0
7CZY,2,rpk,cons,452,L,L,0,-4.329573785212252,-4.346477663514702,-0.016903878302450437,0.0,0.0,0.0
7CZY,2,rpk,cons,453,Y,Y,0,-6.065503166818742,-6.336984800954976,-0.2714816341362347,0.16211689712062388,0.09747720284472308,-0.0646396942759008
7CZY,2,rpk,cons,454,R,R,0,-4.431359524910664,-4.7482891785294585,-0.31692965361879466,-7.620784929843194e-07,0.0,7.620784929843194e-07
7CZY,2,rpk,cons,455,L,L,0,-3.325958615492541,-2.3637787228076195,0.9621798926849214,-2.629972079011166,-2.2176541293261884,0.4123179496849776
7CZY,2,rpk,cons,456,F,F,0,-4.350020503319396,-3.316703310739569,1.0333171925798266,-4.466724025648023,-5.103060644426411,-0.6363366187783877
7CZY,2,rpk,cons,457,R,R,0,-0.7472841378952819,-0.6609307821568806,0.0863533557384013,-0.570750639457328,-0.5515173473215434,0.019233292135784508
7CZY,2,rpk,cons,458,K,K,0,-1.6644106730824109,-1.7171044254967687,-0.05269375241435781,-0.22444323848154657,-0.1967488725678929,0.02769436591365368
7CZY,2,rpk,cons,459,S,S,0,-1.3399759972643936,-1.328004197853868,0.01197179941052573,-0.023624830367220365,-0.021383863518951794,0.0022409668482685705
7CZY,2,rpk,cons,460,N,N,0,-0.9035730711133885,-0.9677314077534048,-0.06415833664001636,-0.0003658987896357907,-0.0006130134857357528,-0.00024711469609996206
7CZY,2,rpk,cons,461,L,L,0,-4.61588188135759,-4.664713407137756,-0.04883152578016592,0.0,0.0,0.0
7CZY,2,rpk,cons,462,K,K,0,-2.360774780752994,-2.353702775254238,0.007072005498756084,0.0,0.0,0.0
7CZY,2,rpk,cons,463,P,P,0,-4.970833065726946,-4.950859740313725,0.019973325413221055,0.0,0.0,0.0
7CZY,2,rpk,cons,464,F,F,0,-0.584020205569164,-0.6000380467015775,-0.016017841132413446,0.0,0.0,0.0
7CZY,2,rpk,cons,465,E,E,0,-3.1175915307271276,-3.138010606999014,-0.02041907627188655,0.0,0.0,0.0
7CZY,2,rpk,cons,466,R,R,0,-0.20044720358216053,-0.12584095169852472,0.07460625188363582,0.0,0.0,0.0
7CZY,2,rpk,cons,467,D,D,0,-5.792578128007036,-5.771236899638305,0.021341228368730647,0.0,0.0,0.0
7CZY,2,rpk,cons,468,I,I,0,1.4956168861727703,1.5170427616473572,0.021425875474586853,0.0,0.0,0.0
7CZY,2,rpk,cons,469,S,S,0,-4.010868027733575,-4.024386857757837,-0.01351883002426213,0.0,0.0,0.0
7CZY,2,rpk,cons,470,T,T,0,-0.8398826791206009,-0.8128046081277431,0.02707807099285775,0.0,0.0,0.0
7CZY,2,rpk,cons,471,E,E,0,-2.249414007047504,-2.1204394948617935,0.12897451218571065,0.0,0.0,0.0
7CZY,2,rpk,cons,472,I,I,0,-3.33294323680881,-3.5887061459404594,-0.25576290913164934,0.0,-1.4286699505736827e-06,-1.4286699505736827e-06
7CZY,2,rpk,cons,473,Y,Y,0,-4.5139146347717585,-4.610875606599947,-0.09696097182818875,-3.956489655083291,-3.885189868751604,0.0712997863316871
7CZY,2,rpk,cons,474,Q,Q,0,-2.5395439964117967,-2.470728500966755,0.06881549544504173,0.09950635058914722,0.07375788489256181,-0.025748465696585413
7CZY,2,rpk,cons,475,A,A,0,-1.6604668687523998,-1.7024597692015708,-0.04199290044917103,-3.1601480048188106,-3.1485231557040554,0.011624849114755254
7CZY,2,rpk,cons,476,G,G,0,-1.8500022461874956,-1.961034120773463,-0.1110318745859673,-2.205065016748796,-2.161961950691632,0.043103066057164074
7CZY,2,rpk,cons,477,S,N,1,-1.5664744544706044,0.5879847496376911,2.1544592041082957,-4.691118712296649,-2.7219768853381887,1.96914182695846
7CZY,2,rpk,cons,478,T,K,1,0.7909950363496085,0.4604140696958274,-0.33058096665378117,-0.23949558374236937,-0.15426194317417719,0.08523364056819219
7CZY,2,rpk,cons,479,P,P,0,-4.6258338957562195,-4.508017535065759,0.11781636069046009,-0.34054324924839763,-0.32097377602419697,0.019569473224200662
7CZY,2,rpk,cons,480,C,C,0,0.8990564071357228,0.9866410095027724,0.08758460236704968,0.0,0.0,0.0
7CZY,2,rpk,cons,481,N,N,0,-0.9212592069289217,-0.8570415080412428,0.06421769888767892,0.0,0.0,0.0
7CZY,2,rpk,cons,482,G,G,0,-1.8335962346266919,-1.854570675994233,-0.02097444136754123,0.0,0.0,0.0
7CZY,2,rpk,cons,483,V,V,0,-0.4119422421249166,-0.1927207934859969,0.21922144863891968,0.0,0.0,0.0
7CZY,2,rpk,cons,484,E,A,1,-2.8887316026663985,-1.045333386001778,1.8433982166646206,-2.035487272529006,-0.27960995619194223,1.7558773163370636
7CZY,2,rpk,cons,485,G,G,0,-3.076380473291109,-3.1317252559741258,-0.0553447826830169,-1.1743019623513735,-1.2906377362857873,-0.11633577393441374
7CZY,2,rpk,cons,486,F,F,0,1.2838432136923223,1.170427607644306,-0.11341560604801626,-6.233793897209496,-6.374850035669414,-0.14105613845991805
7CZY,2,rpk,cons,487,N,N,0,-6.181869140860831,-6.138098759099295,0.04377038176153647,-2.6766684868433224,-2.3906207574467544,0.286047729396568
7CZY,2,rpk,cons,488,C,C,0,0.6884849883484148,1.6198476555460488,0.931362667197634,0.033022257889970874,0.016860814286869828,-0.016161443603101046
7CZY,2,rpk,cons,489,Y,Y,0,-4.686478801520634,-3.9881598924571118,0.6983189090635222,-5.379046901692739,-5.066975609092539,0.3120712926001996
7CZY,2,rpk,cons,490,F,F,0,-0.39712713341351125,-0.1819814948368335,0.21514563857667773,0.0845189400756429,-0.07091417289005578,-0.15543311296569867
7CZY,2,rpk,cons,491,P,P,0,-6.422883955816227,-6.585835735158577,-0.16295177934235028,0.0,0.0,0.0
7CZY,2,rpk,cons,492,L,L,0,-4.482352499755923,-4.364007467269161,0.11834503248676231,-0.006823769308031917,-0.03398728229402008,-0.027163512985988163
7CZY,2,rpk,cons,493,Q,R,1,-3.589016580377446,-0.5191190102023888,3.0698975701750575,-0.3660451689077592,0.03636969382817391,0.4024148627359331
7CZY,2,rpk,cons,494,S,S,0,-3.9204231739779467,-3.555832045012953,0.3645911289649937,-3.3533908528270415,-3.01695673347814,0.33643411934890155
7CZY,2,rpk,cons,495,Y,Y,0,-5.6563500502337565,-5.038163504333082,0.6181865459006746,-0.7570146996457547,-0.6892895690829166,0.06772513056283813
7CZY,2,rpk,cons,496,G,S,1,0.023031707386675593,0.9269194844303044,0.9038877770436288,-1.6604163997951218,0.011151411491828855,1.6715678112869505
7CZY,2,rpk,cons,497,F,F,0,-4.295476286728694,-4.600737501228791,-0.30526121450009747,-0.0063296355115233195,-0.0016581840513726813,0.004671451460150638
7CZY,2,rpk,cons,498,Q,R,1,0.3735982202701285,1.9820374803177092,1.6084392600475808,0.5579277333148828,-0.06449833818228845,-0.6224260714971712
7CZY,2,rpk,cons,499,P,P,0,-3.7740857968103416,-2.1689939558627827,1.605091840947559,0.0,0.0,0.0
7CZY,2,rpk,cons,500,T,T,0,0.36153395679038486,0.5297587878748259,0.16822483108444103,-3.7633137547673145e-05,-1.1123241840161214e-05,2.650989570751193e-05
7CZY,2,rpk,cons,501,N,Y,1,-2.647494587289443,-0.731192825612418,1.9163017616770248,-0.06821551643379749,-2.1714829982645116,-2.103267481830714
7CZY,2,rpk,cons,502,G,G,0,-2.493800951969041,-2.6401888485127736,-0.1463878965437324,0.28759697458367045,0.27119581505235507,-0.01640115953131538
7CZY,2,rpk,cons,503,V,V,0,1.9573734182792173,1.989604613669535,0.0322311953903176,-0.1307021932488494,-0.19821965943831776,-0.06751746618946836
7CZY,2,rpk,cons,504,G,G,0,-5.52482896947162,-4.861412541370223,0.6634164281013968,0.024459323268191557,0.029833110142361174,0.005373786874169617
7CZY,2,rpk,cons,505,Y,H,1,-1.9880921580604025,-1.6686376113515233,0.3194545467088792,-4.215755685626114,-2.054806583075572,2.160949102550542
7CZY,2,rpk,cons,506,Q,Q,0,-2.7405340748131457,-2.6312552127403386,0.10927886207280713,0.0,0.0,0.0
7CZY,2,rpk,cons,507,P,P,0,-7.6432234608665315,-7.608519683657573,0.0347037772089589,0.0,0.0,0.0
7CZY,2,rpk,cons,508,Y,Y,0,-4.902691224796515,-5.527331170335292,-0.6246399455387772,0.0,0.0,0.0
7CZY,2,rpk,cons,509,R,R,0,-6.277632570456934,-6.0152704468239735,0.2623621236329603,0.0,0.0,0.0
7CZY,2,rpk,cons,510,V,V,0,-7.029171573754447,-7.059831267432491,-0.030659693678043887,0.0,0.0,0.0
7CZY,2,rpk,cons,511,V,V,0,-6.933024233640229,-6.874650101317383,0.05837413232284572,0.0,0.0,0.0
7CZY,2,rpk,cons,512,V,V,0,-6.251976685509185,-6.246851744243263,0.005124941265922445,0.0,0.0,0.0
7CZY,2,rpk,cons,513,L,L,0,-6.090396890532803,-6.122542740613722,-0.032145850080918414,0.0,0.0,0.0
7CZY,2,rpk,cons,514,S,S,0,-3.604722508893517,-3.5962948102287697,0.00842769866474713,0.0,0.0,0.0
7CZY,2,rpk,cons,515,F,F,0,-6.335328280653782,-6.391081464930044,-0.05575318427626197,0.0,0.0,0.0
7CZY,2,rpk,cons,516,E,E,0,-5.744426754521539,-5.728453235786856,0.015973518734683445,0.0,0.0,0.0
7CZY,2,rpk,cons,517,L,L,0,-0.1647076533864008,-0.17216913488389518,-0.007461481497494371,0.0,0.0,0.0
7CZY,2,rpk,cons,518,L,L,0,2.4229885229911385,2.431999796410995,0.009011273419856636,0.0,0.0,0.0
7CZY,2,rpk,cons,519,H,H,0,2.856035577364391,2.8611455728544963,0.00510999549010549,0.0,0.0,0.0
7CZY,2,rpk,cons,520,A,A,0,1.2917306936861515,1.2768476098228678,-0.01488308386328363,0.0,0.0,0.0
7CZY,2,rpk,cons,521,P,P,0,-1.684679427695628,-1.6661710635927305,0.01850836410289758,0.0,0.0,0.0
7CZY,2,rpk,cons,522,A,A,0,0.38820498653515284,0.3670777963434113,-0.02112719019174153,0.0,0.0,0.0
7CZY,2,rpk,cons,523,T,T,0,-1.8128331615603002,-1.7804246415714402,0.03240851998885996,0.0,0.0,0.0
7CZY,2,rpk,cons,524,V,V,0,-4.65973960805758,-4.662863653110113,-0.003124045052532942,0.0,0.0,0.0
7CZY,2,rpk,cons,525,C,C,0,1.275196478819082,1.2582346027575315,-0.01696187606155042,0.0,0.0,0.0
7CZY,2,rpk,cons,526,G,G,0,-2.398801207444402,-2.405963712767318,-0.0071625053229160685,0.0,0.0,0.0
7CZY,2,rpk,cons,527,P,P,0,-5.044622409545872,-5.066940546333,-0.022318136787127685,0.0,0.0,0.0
7CZY,2,rpk,cons,528,K,K,0,-1.2359971139709087,-1.2394358979267857,-0.003438783955876934,0.0,0.0,0.0
7CZY,2,rpk,cons,529,K,K,0,-0.46223464068252396,-0.4575286452826035,0.0047059953999204485,0.0,0.0,0.0
7CZY,2,rpk,cons,530,S,S,0,-2.4342704836520466,-2.4290106222822523,0.005259861369794283,0.0,0.0,0.0
7CZY,2,rpk,cons,531,T,T,0,-3.2158842261742735,-3.2086222947359766,0.007261931438296898,0.0,0.0,0.0
7CZY,2,rpk,cons,532,N,N,0,-0.9854169782773379,-0.9942991461798265,-0.008882167902488636,0.0,0.0,0.0
7CZY,2,rpk,cons,533,L,L,0,0.034521927884372666,0.035607929013565603,0.0010860011291929372,0.0,0.0,0.0
7CZY,2,rpk,cons,534,V,V,0,-0.6446401515557538,-0.6636976066408938,-0.019057455085140007,0.0,0.0,0.0
7CZY,2,rpk,cons,535,K,K,0,-0.4902160761730776,-0.4907866724418123,-0.0005705962687346799,0.0,0.0,0.0
7CZY,2,rpk,cons,536,N,N,0,-0.9285855732615647,-0.9241652535355831,0.0044203197259815585,0.0,0.0,0.0
7CZY,2,rpk,cons,537,K,K,0,-1.2532290096759504,-1.2590044106610756,-0.00577540098512519,0.0,0.0,0.0
7CZY,2,rpk,cons,538,C,C,0,-1.574213811950069,-1.5742654574554402,-5.16455053711784e-05,0.0,0.0,0.0
7CZY,2,rpk,cons,539,V,V,0,-2.3395751896742594,-2.3381377636315044,0.0014374260427549856,0.0,0.0,0.0
7CZY,2,rpk,cons,540,N,N,0,-3.2469354337798237,-3.2610714378481758,-0.014136004068352026,0.0,0.0,0.0
7CZY,2,rpk,cons,541,F,F,0,0.3987198797460204,0.43036216426722995,0.03164228452120954,0.0,0.0,0.0
7CZY,2,rpk,free,319,R,R,0,0.9080442357888312,0.911390640416623,0.003346404627791788,0.0,0.0,0.0
7CZY,2,rpk,free,320,V,V,0,-0.42473582252755704,-0.4541855317002838,-0.029449709172726768,0.0,0.0,0.0
7CZY,2,rpk,free,321,Q,Q,0,-0.7342419898141115,-0.7007208501806825,0.033521139633428954,0.0,0.0,0.0
7CZY,2,rpk,free,322,P,P,0,-5.402814382859308,-5.405921641735089,-0.003107258875781227,0.0,0.0,0.0
7CZY,2,rpk,free,323,T,T,0,-0.034018953314446765,-0.054004903452737035,-0.01998595013829027,0.0,0.0,0.0
7CZY,2,rpk,free,324,E,E,0,-2.6784250409413377,-2.6815341632372705,-0.0031091222959327425,0.0,0.0,0.0
7CZY,2,rpk,free,325,S,S,0,-0.7480174347839997,-0.7524847363303682,-0.00446730154636843,0.0,0.0,0.0
7CZY,2,rpk,free,326,I,I,0,-4.532549875839288,-4.543395506434472,-0.01084563059518473,0.0,0.0,0.0
7CZY,2,rpk,free,327,V,V,0,-1.4166775994201262,-1.3876998239167782,0.028977775503348013,0.0,0.0,0.0
7CZY,2,rpk,free,328,R,R,0,-0.3271276658848719,-0.2968887564798069,0.030238909405065018,0.0,0.0,0.0
7CZY,2,rpk,free,329,F,F,0,0.5185562867996251,0.574931708575406,0.05637542177578092,0.0,0.0,0.0
7CZY,2,rpk,free,330,P,P,0,-2.4664328418175905,-2.4681778064789155,-0.0017449646613250103,0.0,0.0,0.0
7CZY,2,rpk,free,331,N,N,0,1.187077239477719,1.1647920409407833,-0.02228519853693567,0.0,0.0,0.0
7CZY,2,rpk,free,332,I,I,0,-2.0909684883243487,-2.124344776819206,-0.03337628849485741,0.0,0.0,0.0
7CZY,2,rpk,free,333,T,T,0,-0.05713027998868525,-0.08283977329651315,-0.025709493307827902,0.0,0.0,0.0
7CZY,2,rpk,free,334,N,N,0,-2.957355518700613,-2.967491289341597,-0.010135770640983921,0.0,0.0,0.0
7CZY,2,rpk,free,335,L,L,0,-0.713165408117343,-0.7944846703215381,-0.08131926220419516,0.0,0.0,0.0
7CZY,2,rpk,free,336,C,C,0,6.126017111897085,6.165555631201819,0.03953851930473373,0.0,0.0,0.0
7CZY,2,rpk,free,337,P,P,0,2.9074915437471924,2.886165321853351,-0.021326221893841257,0.0,0.0,0.0
7CZY,2,rpk,free,338,F,F,0,-4.6999791471117645,-4.518879297456594,0.18109984965517079,0.0,0.0,0.0
7CZY,2,rpk,free,339,G,G,0,0.3975065830974672,0.17883834716408314,-0.21866823593338408,0.0,0.0,0.0
7CZY,2,rpk,free,340,E,E,0,-2.0967678695591268,-1.8634373573759202,0.23333051218320655,0.0,0.0,0.0
7CZY,2,rpk,free,341,V,V,0,-3.4585856562314508,-3.234430201443165,0.2241554547882858,0.0,0.0,0.0
7CZY,2,rpk,free,342,F,F,0,-4.70445619085381,-4.948958316773133,-0.24450212591932363,0.0,0.0,0.0
7CZY,2,rpk,free,343,N,N,0,-1.8465976884376278,-2.0247863047830146,-0.17818861634538674,0.0,0.0,0.0
7CZY,2,rpk,free,344,A,A,0,-2.4622375539550134,-2.3849559441127446,0.07728160984226884,0.0,0.0,0.0
7CZY,2,rpk,free,345,T,T,0,-0.3718776533776941,-0.2357300681090313,0.13614758526866277,0.0,0.0,0.0
7CZY,2,rpk,free,346,R,R,0,0.9073950967239978,0.19191637670919084,-0.715478720014807,0.0,0.0,0.0
7CZY,2,rpk,free,347,F,F,0,-1.8032751969124086,-1.8484894278410877,-0.045214230928679155,0.0,0.0,0.0
7CZY,2,rpk,free,348,A,A,0,-1.071023336675346,-1.2970574244458675,-0.22603408777052136,0.0,0.0,0.0
7CZY,2,rpk,free,349,S,S,0,-3.052883595972232,-2.9396775664905093,0.11320602948172276,0.0,0.0,0.0
7CZY,2,rpk,free,350,V,V,0,-1.9943473593698076,-2.094621782621175,-0.10027442325136748,0.0,0.0,0.0
7CZY,2,rpk,free,351,Y,Y,0,-2.0444285541417586,-2.0056053907423146,0.03882316339944403,0.0,0.0,0.0
7CZY,2,rpk,free,352,A,A,0,-1.280630896540627,-1.255719897324862,0.024910999215765006,0.0,0.0,0.0
7CZY,2,rpk,free,353,W,W,0,-0.8758124172508781,-1.0039403466638652,-0.12812792941298712,0.0,0.0,0.0
7CZY,2,rpk,free,354,N,N,0,-1.7649253109599523,-1.6606633864501785,0.10426192450977378,0.0,0.0,0.0
7CZY,2,rpk,free,355,R,R,0,-0.09185640550624588,-0.11611546498809328,-0.024259059481847395,0.0,0.0,0.0
7CZY,2,rpk,free,356,K,K,0,-3.898577928282432,-3.9663819609805095,-0.06780403269807733,0.0,0.0,0.0
7CZY,2,rpk,free,357,R,R,0,-2.251909977985046,-2.241716596452721,0.010193381532325407,0.0,0.0,0.0
7CZY,2,rpk,free,358,I,I,0,-3.4361760522495173,-3.4518265805610917,-0.01565052831157443,0.0,0.0,0.0
7CZY,2,rpk,free,359,S,S,0,-0.1430730461017217,-0.1476740138995265,-0.004600967797804806,0.0,0.0,0.0
7CZY,2,rpk,free,360,N,N,0,-0.6748349500668946,-0.6865880711024286,-0.011753121035533942,0.0,0.0,0.0
7CZY,2,rpk,free,361,C,C,0,-2.0502520776033664,-2.053989674614953,-0.003737597011586491,0.0,0.0,0.0
7CZY,2,rpk,free,362,V,V,0,-1.0802074353923161,-1.1017045025114078,-0.021497067119091717,0.0,0.0,0.0
7CZY,2,rpk,free,363,A,A,0,-3.0102460733558463,-2.9925474105830796,0.01769866277276666,0.0,0.0,0.0
7CZY,2,rpk,free,364,D,D,0,-5.397988140745838,-5.394692974600369,0.003295166145468542,0.0,0.0,0.0
7CZY,2,rpk,free,365,Y,Y,0,-7.005238356009461,-7.033587969728264,-0.028349613718802402,0.0,0.0,0.0
7CZY,2,rpk,free,366,S,S,0,-4.137647394796805,-4.116680758756636,0.020966636040169462,0.0,0.0,0.0
7CZY,2,rpk,free,367,V,V,0,1.625762190784394,1.646462253361265,0.02070006257687096,0.0,0.0,0.0
7CZY,2,rpk,free,368,L,L,0,-5.237354132750856,-5.234968133451956,0.0023859992988999323,0.0,0.0,0.0
7CZY,2,rpk,free,369,Y,Y,0,-1.584987494268356,-1.6414332604554023,-0.05644576618704633,0.0,0.0,0.0
7CZY,2,rpk,free,370,N,N,0,-1.7869251689856893,-1.7595813185230003,0.027343850462689057,0.0,0.0,0.0
7CZY,2,rpk,free,371,S,S,0,-2.568195989021016,-2.5624143987962142,0.005781590224801736,0.0,0.0,0.0
7CZY,2,rpk,free,372,A,A,0,2.3191817863482656,2.295265598161755,-0.023916188186510645,0.0,0.0,0.0
7CZY,2,rpk,free,373,S,S,0,-1.9520756928558498,-1.9810043380952882,-0.02892864523943839,0.0,0.0,0.0
7CZY,2,rpk,free,374,F,F,0,-1.9320449096803707,-1.9205712383385773,0.011473671341793334,0.0,0.0,0.0
7CZY,2,rpk,free,375,S,S,0,-0.5881926381271091,-0.5681127167586408,0.020079921368468256,0.0,0.0,0.0
7CZY,2,rpk,free,376,T,T,0,-1.9055364389967262,-1.794933115513558,0.11060332348316826,0.0,0.0,0.0
7CZY,2,rpk,free,377,F,F,0,-1.7581284328323972,-1.7905842764950388,-0.03245584366264165,0.0,0.0,0.0
7CZY,2,rpk,free,378,K,K,0,-2.752923792048221,-2.75912140465644,-0.00619761260821905,0.0,0.0,0.0
7CZY,2,rpk,free,379,C,C,0,-0.8616031498929604,-0.9063194515433995,-0.04471630165043916,0.0,0.0,0.0
7CZY,2,rpk,free,380,Y,Y,0,-2.7903551030277756,-2.7349959336836527,0.05535916934412288,0.0,0.0,0.0
7CZY,2,rpk,free,381,G,G,0,-0.16218111394548906,-0.18390505815409053,-0.021723944208601464,0.0,0.0,0.0
7CZY,2,rpk,free,382,V,V,0,-0.633896955157965,-0.5831301838375961,0.050766771320368886,0.0,0.0,0.0
7CZY,2,rpk,free,383,S,S,0,-0.8566650682804147,-0.8180563960066315,0.03860867227378317,0.0,0.0,0.0
7CZY,2,rpk,free,384,P,P,0,-5.212318906681971,-5.2515511765401435,-0.03923226985817241,0.0,0.0,0.0
7CZY,2,rpk,free,385,T,T,0,-0.09007062316169184,-0.040597583040373475,0.04947304012131837,0.0,0.0,0.0
7CZY,2,rpk,free,386,K,K,0,-0.6477079987226867,-0.672702369759747,-0.02499437103706026,0.0,0.0,0.0
7CZY,2,rpk,free,387,L,L,0,-3.3603684358130064,-3.4480984686889977,-0.08773003287599135,0.0,0.0,0.0
7CZY,2,rpk,free,388,N,N,0,-1.6434212790978278,-1.6234406163423465,0.01998066275548127,0.0,0.0,0.0
7CZY,2,rpk,free,389,D,D,0,-1.8505455331594733,-1.889261981218688,-0.03871644805921459,0.0,0.0,0.0
7CZY,2,rpk,free,390,L,L,0,-2.582225278714046,-2.4895365682685027,0.09268871044554317,0.0,0.0,0.0
7CZY,2,rpk,free,391,C,C,0,2.0038327083396803,2.06707119213377,0.0632384837940898,0.0,0.0,0.0
7CZY,2,rpk,free,392,F,F,0,-4.418793270237523,-4.417201512500782,0.0015917577367412505,0.0,0.0,0.0
7CZY,2,rpk,free,393,T,T,0,-3.1467572222973215,-3.1402930287763136,0.0064641935210079104,0.0,0.0,0.0
7CZY,2,rpk,free,394,N,N,0,-2.8828664138027524,-2.8910873993452055,-0.008220985542453096,0.0,0.0,0.0
7CZY,2,rpk,free,395,V,V,0,-3.9834376782879906,-3.943306876210897,0.04013080207709363,0.0,0.0,0.0
7CZY,2,rpk,free,396,Y,Y,0,-5.318280810713511,-5.350309581709382,-0.03202877099587109,0.0,0.0,0.0
7CZY,2,rpk,free,397,A,A,0,-3.469368572433058,-3.3580151667769793,0.11135340565607876,0.0,0.0,0.0
7CZY,2,rpk,free,398,D,D,0,-5.251127210493711,-5.404504443059517,-0.1533772325658065,0.0,0.0,0.0
7CZY,2,rpk,free,399,S,S,0,-4.224550648303111,-3.831171084759605,0.39337956354350556,0.0,0.0,0.0
7CZY,2,rpk,free,400,F,F,0,-8.848470622352295,-8.708561013441564,0.139909608910731,0.0,0.0,0.0
7CZY,2,rpk,free,401,V,V,0,-4.465955198262167,-4.190955222468923,0.27499997579324376,0.0,0.0,0.0
7CZY,2,rpk,free,402,I,I,0,-4.491430829003777,-4.785639744022256,-0.294208915018479,0.0,0.0,0.0
7CZY,2,rpk,free,403,R,R,0,-3.871633978564592,-3.992935572623166,-0.12130159405857377,-0.2927226707241503,-0.2879149213178704,0.004807749406279926
7CZY,2,rpk,free,404,G,G,0,0.7042109061199613,0.7316460863976031,0.027435180277641802,0.0,0.0,0.0
7CZY,2,rpk,free,405,D,D,0,-3.1488519961619086,-3.19976852396286,-0.05091652780095135,-0.10689135430329968,-0.1256776798789909,-0.01878632557569121
7CZY,2,rpk,free,406,E,E,0,-7.386483071121919,-7.444113322475817,-0.05763025135389821,0.0,0.0,0.0
7CZY,2,rpk,free,407,V,V,0,-1.6249161405768586,-1.537625118964903,0.08729102161195557,0.0,0.0,0.0
7CZY,2,rpk,free,408,R,R,0,0.8074677424543855,0.8021596369232696,-0.005308105531115825,0.0,0.0,0.0
7CZY,2,rpk,free,409,Q,Q,0,-6.381984338611547,-6.404887451316086,-0.022903112704539375,0.0,0.0,0.0
7CZY,2,rpk,free,410,I,I,0,-4.472096998793307,-4.504528843108469,-0.03243184431516166,0.0,0.0,0.0
7CZY,2,rpk,free,411,A,A,0,-0.9116666165052345,-0.9402689592343569,-0.028602342729122432,0.0,0.0,0.0
7CZY,2,rpk,free,412,P,P,0,-5.24425584682162,-5.2064110506199786,0.03784479620164127,0.0,0.0,0.0
7CZY,2,rpk,free,413,G,G,0,-1.4319102641247201,-1.472102266674485,-0.04019200254976485,0.0,0.0,0.0
7CZY,2,rpk,free,414,Q,Q,0,-2.5371771071131017,-2.5399160803071754,-0.0027389731940736795,0.0,0.0,0.0
7CZY,2,rpk,free,415,T,T,0,-1.2464528304204305,-1.2451771097640225,0.0012757206564080192,0.0,0.0,0.0
7CZY,2,rpk,free,416,G,G,0,-1.7729116402805594,-1.7689817416265206,0.00392989865403881,0.0,0.0,0.0
7CZY,2,rpk,free,417,K,K,0,0.07128468763263715,0.056662263688899456,-0.014622423943737695,0.04114632419997377,-0.042174691705294864,-0.08332101590526864
7CZY,2,rpk,free,418,I,I,0,-5.444706036410596,-5.451070472327721,-0.0063644359171242115,0.0,0.0,0.0
7CZY,2,rpk,free,419,A,A,0,-1.8378737491071657,-1.8293010055828782,0.008572743524287496,0.0,0.0,0.0
7CZY,2,rpk,free,420,D,D,0,-5.435872999175626,-5.376824566217278,0.05904843295834805,0.0,-3.321812834931881e-06,-3.321812834931881e-06
7CZY,2,rpk,free,421,Y,Y,0,0.959767508738969,0.7607289046715857,-0.19903860406738327,-1.1035603880304952,-1.2134176810877493,-0.10985729305725411
7CZY,2,rpk,free,422,N,N,0,-1.8419066757212876,-1.8304964643858077,0.011410211335479925,0.0,0.0,0.0
7CZY,2,rpk,free,423,Y,Y,0,-4.853051518641081,-4.927346696915531,-0.07429517827444965,0.0,0.0,0.0
7CZY,2,rpk,free,424,K,K,0,-2.457578833160138,-2.504778131464352,-0.047199298304213766,0.0,0.0,0.0
7CZY,2,rpk,free,425,L,L,0,-6.500487374842252,-6.474202421837803,0.026284953004449108,0.0,0.0,0.0
7CZY,2,rpk,free,426,P,P,0,-4.89249313278122,-4.808395021290977,0.08409811149024282,0.0,0.0,0.0
7CZY,2,rpk,free,427,D,D,0,-1.270774843108295,-1.2839319779888245,-0.013157134880529497,0.0,0.0,0.0
7CZY,2,rpk,free,428,D,D,0,-0.034651923339139405,-0.04702716255698147,-0.012375239217842067,0.0,0.0,0.0
7CZY,2,rpk,free,429,F,F,0,-3.231676471969455,-3.2300371349562105,0.0016393370132443685,0.0,0.0,0.0
7CZY,2,rpk,free,430,T,T,0,-1.0673193927266535,-1.1201097140538085,-0.052790321327155,0.0,0.0,0.0
7CZY,2,rpk,free,431,G,G,0,-5.000944278751559,-4.98235658430191,0.018587694449649028,0.0,0.0,0.0
7CZY,2,rpk,free,432,C,C,0,-2.185362758702173,-2.1979550870359352,-0.012592328333762115,0.0,0.0,0.0
7CZY,2,rpk,free,433,V,V,0,-5.902251947367995,-5.894088904142983,0.0081630432250126,0.0,0.0,0.0
7CZY,2,rpk,free,434,I,I,0,-7.385915087360434,-7.5460102997913525,-0.1600952124309183,0.0,0.0,0.0
7CZY,2,rpk,free,435,A,A,0,-6.239247885764177,-6.103649239986963,0.1355986457772147,0.0,0.0,0.0
7CZY,2,rpk,free,436,W,W,0,-3.5282231261386228,-3.467902039859696,0.06032108627892674,0.0,0.0,0.0
7CZY,2,rpk,free,437,N,N,0,-3.3759003450923517,-3.349829263238036,0.026071081854315725,0.0,0.0,0.0
7CZY,2,rpk,free,438,S,S,0,-3.9309209923550017,-3.996344841765656,-0.06542384941065427,0.0,0.0,0.0
7CZY,2,rpk,free,439,N,N,0,-1.2398017761771731,-1.2488646021311882,-0.009062825954015086,0.0,0.0,0.0
7CZY,2,rpk,free,440,N,N,0,-0.2663043446515497,-0.2594192262965789,0.006885118354970798,0.0,0.0,0.0
7CZY,2,rpk,free,441,L,L,0,-0.4141366583982984,-0.4403623647450217,-0.026225706346723332,0.0,0.0,0.0
7CZY,2,rpk,free,442,D,D,0,-8.361882399860821,-8.285110619558557,0.0767717803022645,0.0,0.0,0.0
7CZY,2,rpk,free,443,S,S,0,-1.712745270471212,-1.7158616062322,-0.0031163357609880205,0.0,0.0,0.0
7CZY,2,rpk,free,444,K,K,0,-2.487721550270739,-2.3408152572021588,0.14690629306858005,0.0,0.0,0.0
7CZY,2,rpk,free,445,V,V,0,1.6515192187342949,1.7946383778990525,0.1431191591647576,-0.2868980652618292,-0.20551110231542574,0.08138696294640346
7CZY,2,rpk,free,446,G,G,0,-2.768868087161846,-2.5792440442722326,0.18962404288961343,-0.008296850937386677,-0.17326292218592798,-0.1649660712485413
7CZY,2,rpk,free,447,G,G,0,-3.3866078480579507,-3.2126918058322707,0.17391604222568002,-0.007691396412973998,-0.00782853785566958,-0.00013714144269558193
7CZY,2,rpk,free,448,N,N,0,-3.3643536885445053,-2.909654807984351,0.4546988805601542,0.0,0.0,0.0
7CZY,2,rpk,free,449,Y,Y,0,-1.5630825853304169,-1.255614402911815,0.30746818241860185,-3.3061866818272017,-2.7019123243100456,0.6042743575171561
7CZY,2,rpk,free,450,N,N,0,0.2937779842838517,0.27664529344813155,-0.017132690835720166,0.0,0.0,0.0
7CZY,2,rpk,free,451,Y,Y,0,-4.804318156794262,-5.335417225802785,-0.5310990690085227,-3.38384032829743e-08,0.0,3.38384032829743e-08
7CZY,2,rpk,free,452,L,L,0,-4.318355453964222,-4.0340051266133905,0.28435032735083166,0.0,0.0,0.0
7CZY,2,rpk,free,453,Y,Y,0,-5.976917421893308,-6.00790375189186,-0.030986329998551554,0.1650349257902018,0.14173530511760235,-0.02329962067259944
7CZY,2,rpk,free,454,R,R,0,-4.425363227788114,-4.563453584765598,-0.13809035697748406,-2.7102235223147586e-06,-6.690892962263328e-06,-3.98066943994857e-06
7CZY,2,rpk,free,455,L,L,0,-3.224794420267529,-3.3550426674907943,-0.13024824722326533,-2.6062458580443306,-2.7230082350844733,-0.1167623770401427
7CZY,2,rpk,free,456,F,F,0,-4.308063039278156,-4.40569037772529,-0.09762733844713445,-4.346742495220117,-4.2946897121982515,0.05205278302186578
7CZY,2,rpk,free,457,R,R,0,-0.6940171885699876,-0.6745991597538328,0.019418028816154842,-0.5476135762755694,-0.5344855472286957,0.013128029046873713
7CZY,2,rpk,free,458,K,K,0,-1.6996426576946677,-1.7449107019456065,-0.04526804425093878,-0.20561385446552366,-0.18224499477456096,0.023368859690962696
7CZY,2,rpk,free,459,S,S,0,-1.4053998666230088,-1.3647578826164652,0.04064198400654351,-0.023773949059246166,-0.02384515511418976,-7.120605494359555e-05
7CZY,2,rpk,free,460,N,N,0,-0.8881547069441088,-0.8885813484406584,-0.0004266414965495846,-0.0006912563235642599,-0.001597683804231927,-0.0009064274806676671
7CZY,2,rpk,free,461,L,L,0,-4.493129844685542,-4.539128915679414,-0.04599907099387224,0.0,0.0,0.0
7CZY,2,rpk,free,462,K,K,0,-2.388008858731693,-2.357429309608285,0.03057954912340799,0.0,0.0,0.0
7CZY,2,rpk,free,463,P,P,0,-4.944842422775668,-4.912471417192348,0.032371005583319956,0.0,0.0,0.0
7CZY,2,rpk,free,464,F,F,0,-0.7474734001688061,-0.6778795312335297,0.06959386893527642,0.0,0.0,0.0
7CZY,2,rpk,free,465,E,E,0,-3.0323749667141566,-3.0445288807315287,-0.012153914017372092,0.0,0.0,0.0
7CZY,2,rpk,free,466,R,R,0,-0.20656133705002186,-0.2648796518261985,-0.05831831477617663,0.0,0.0,0.0
7CZY,2,rpk,free,467,D,D,0,-5.7955890898276845,-5.751586539285387,0.04400255054229785,0.0,0.0,0.0
7CZY,2,rpk,free,468,I,I,0,1.5101590112222243,1.5320666524016664,0.021907641179442106,0.0,0.0,0.0
7CZY,2,rpk,free,469,S,S,0,-4.030853615887721,-4.0080016550716415,0.02285196081607932,0.0,0.0,0.0
7CZY,2,rpk,free,470,T,T,0,-0.9098169809875314,-0.9091570613785771,0.0006599196089542847,0.0,0.0,0.0
7CZY,2,rpk,free,471,E,E,0,-2.2886903780455823,-2.1776431804427543,0.111047197602828,0.0,0.0,0.0
7CZY,2,rpk,free,472,I,I,0,-3.295408757663176,-3.305964394994082,-0.01055563733090592,0.0,-3.838315649259266e-08,-3.838315649259266e-08
7CZY,2,rpk,free,473,Y,Y,0,-4.416245650311753,-4.615767228512756,-0.19952157820100336,-4.001307727849437,-3.9571764524374413,0.04413127541199602
7CZY,2,rpk,free,474,Q,Q,0,-2.4782643988098743,-2.542199553777391,-0.0639351549675169,0.10287672317593881,0.06430107797816763,-0.03857564519777118
7CZY,2,rpk,free,475,A,A,0,-1.801247487751434,-1.7363774295370265,0.0648700582144075,-3.102588903547299,-3.154536465052506,-0.05194756150520696
7CZY,2,rpk,free,476,G,G,0,-1.8698498960800274,-1.6143802868863961,0.25546960919363126,-2.109136359576812,-1.920808336147057,0.18832802342975485
7CZY,2,rpk,free,477,S,S,0,-1.269147383623345,-1.5774106027022488,-0.30826321907890386,-4.545281701456323,-4.684578998879073,-0.13929729742274954
7CZY,2,rpk,free,478,T,T,0,0.8955210506182226,0.7756003670810069,-0.11992068353721574,-0.2017847763200309,-0.20184247448746892,-5.769816743803058e-05
7CZY,2,rpk,free,479,P,P,0,-4.548446482590104,-4.626499430557449,-0.07805294796734508,-0.326235697040089,-0.32296702024451635,0.0032686767955726337
7CZY,2,rpk,free,480,C,C,0,0.9166036139509829,0.9743554855960614,0.057751871645078556,0.0,0.0,0.0
7CZY,2,rpk,free,481,N,N,0,-0.8955773581693967,-0.8573090152769618,0.03826834289243486,0.0,0.0,0.0
7CZY,2,rpk,free,482,G,G,0,-1.8588715238840132,-1.6283613628006028,0.23051016108341038,0.0,0.0,0.0
7CZY,2,rpk,free,483,V,V,0,-0.3829229844348788,-0.2205361809652414,0.1623868034696374,0.0,0.0,0.0
7CZY,2,rpk,free,484,E,E,0,-2.8891591988438403,-2.4143796190613496,0.47477957978249075,-2.0618415253202613,-0.9392091718160995,1.1226323535041618
7CZY,2,rpk,free,485,G,G,0,-3.0847793839492432,-2.965127733317051,0.1196516506321923,-1.1559617799968445,-1.2414724066555411,-0.08551062665869669
7CZY,2,rpk,free,486,F,F,0,1.3364696838536192,1.039012037947939,-0.29745764590568013,-6.1683252651865095,-6.118008145812445,0.050317119374064134
7CZY,2,rpk,free,487,N,N,0,-6.125881214633496,-5.818463156898152,0.3074180577353447,-2.755944759181048,-2.193248064377186,0.5626966948038623
7CZY,2,rpk,free,488,C,C,0,0.8362505905929858,1.547919319205694,0.7116687286127081,0.02981915810432285,0.024838052236048364,-0.004981105868274487
7CZY,2,rpk,free,489,Y,Y,0,-4.837881328880013,-5.21100152958764,-0.37312020070762664,-5.446651066116499,-5.402458278568748,0.044192787547751244
7CZY,2,rpk,free,490,F,F,0,-0.4239037105271241,-0.37120626044252303,0.05269745008460108,0.0804661151344016,-0.10423904359939973,-0.18470515873380133
7CZY,2,rpk,free,491,P,P,0,-6.556474443172418,-6.897103565502807,-0.3406291223303892,0.0,0.0,0.0
7CZY,2,rpk,free,492,L,L,0,-4.480514717420587,-4.242838045084292,0.23767667233629552,-0.002427756852600962,-0.022161221577680003,-0.01973346472507904
7CZY,2,rpk,free,493,Q,Q,0,-3.4349133035005077,-3.5262731493160553,-0.09135984581554757,-0.3163868483459624,-0.40222922005632544,-0.08584237171036302
7CZY,2,rpk,free,494,S,S,0,-3.8916793630936226,-3.769786149977046,0.12189321311657642,-3.3605382987081356,-3.2496648860241426,0.11087341268399298
7CZY,2,rpk,free,495,Y,Y,0,-5.932480625679691,-6.2832145421676255,-0.3507339164879344,-0.7810804325691851,-0.7533431887991932,0.02773724376999198
7CZY,2,rpk,free,496,G,G,0,0.16979900899752798,0.09798716899014037,-0.0718118400073876,-1.4655853973220236,-1.5749419050535987,-0.10935650773157501
7CZY,2,rpk,free,497,F,F,0,-4.381553500531011,-4.280850226080911,0.1007032744500993,-0.004263971102775574,-0.007526965251741578,-0.0032629941489660044
7CZY,2,rpk,free,498,Q,Q,0,0.9002775835534561,-0.45053297316576146,-1.3508105567192175,0.5495547767970022,0.809641775629966,0.2600869988329638
7CZY,2,rpk,free,499,P,P,0,-3.671981138653199,-3.2804955697476683,0.39148556890553055,0.0,0.0,0.0
7CZY,2,rpk,free,500,T,T,0,1.2170396970756698,0.41633731225885207,-0.8007023848168178,-2.953235204140685e-05,0.0020265852084661974,0.0020561175605076044
7CZY,2,rpk,free,501,N,N,0,-2.6184681286257327,-1.8208308966680031,0.7976372319577296,-0.05343095223201887,-0.08177272226876038,-0.028341770036741508
7CZY,2,rpk,free,502,G,G,0,-2.6266685184863747,-2.640645077781211,-0.01397655929483621,0.2537257064326973,0.2671685549428723,0.013442848510174965
7CZY,2,rpk,free,503,V,V,0,1.9605170753408638,1.9048944889001915,-0.055622586440672306,-0.13701439771963225,-0.1362807981237275,0.0007335995959047437
7CZY,2,rpk,free,504,G,G,0,-5.540909868997405,-5.49712431323911,0.043785555758295125,0.025898042214313712,0.027213534724090944,0.0013154925097772323
7CZY,2,rpk,free,505,Y,Y,0,-1.8657073130198212,-2.050086653625092,-0.18437934060527095,-4.050471107352848,-4.132408217849741,-0.08193711049689245
7CZY,2,rpk,free,506,Q,Q,0,-2.8124811102343057,-2.7599602465525397,0.052520863681766006,0.0,0.0,0.0
7CZY,2,rpk,free,507,P,P,0,-7.581854355875162,-7.693965500223471,-0.11211114434830893,0.0,0.0,0.0
7CZY,2,rpk,free,508,Y,Y,0,-5.002167488531203,-5.110516955198347,-0.10834946666714362,0.0,0.0,0.0
7CZY,2,rpk,free,509,R,R,0,-6.32167317638516,-5.912738363779842,0.4089348126053185,0.0,0.0,0.0
7CZY,2,rpk,free,510,V,V,0,-6.9666814068862735,-6.9873613803283,-0.020679973442026878,0.0,0.0,0.0
7CZY,2,rpk,free,511,V,V,0,-6.950460714019253,-6.878416714536039,0.07204399948321427,0.0,0.0,0.0
7CZY,2,rpk,free,512,V,V,0,-6.278199883518567,-6.34769078969383,-0.06949090617526377,0.0,0.0,0.0
7CZY,2,rpk,free,513,L,L,0,-6.179324049077635,-6.046112054437905,0.13321199463972988,0.0,0.0,0.0
7CZY,2,rpk,free,514,S,S,0,-3.5935914165763516,-3.6153141605684023,-0.021722743992050653,0.0,0.0,0.0
7CZY,2,rpk,free,515,F,F,0,-6.372123655030311,-6.400133769901269,-0.02801011487095817,0.0,0.0,0.0
7CZY,2,rpk,free,516,E,E,0,-5.71674163754586,-5.73917389381512,-0.022432256269259376,0.0,0.0,0.0
7CZY,2,rpk,free,517,L,L,0,-0.1839304942597885,-0.17977656073308568,0.004153933526702819,0.0,0.0,0.0
7CZY,2,rpk,free,518,L,L,0,2.445637995180575,2.4411516567541733,-0.004486338426401559,0.0,0.0,0.0
7CZY,2,rpk,free,519,H,H,0,2.85918778943584,2.8615683857356915,0.002380596299851323,0.0,0.0,0.0
7CZY,2,rpk,free,520,A,A,0,1.271652369864891,1.272149554972915,0.0004971851080239897,0.0,0.0,0.0
7CZY,2,rpk,free,521,P,P,0,-1.6764135372482558,-1.6921255386858862,-0.015712001437630407,0.0,0.0,0.0
7CZY,2,rpk,free,522,A,A,0,0.40729470799802164,0.46275863103233167,0.055463923034310025,0.0,0.0,0.0
7CZY,2,rpk,free,523,T,T,0,-1.9141966472504515,-1.9409890068620617,-0.026792359611610195,0.0,0.0,0.0
7CZY,2,rpk,free,524,V,V,0,-4.636359705633026,-4.6771213138943795,-0.04076160826135311,0.0,0.0,0.0
7CZY,2,rpk,free,525,C,C,0,1.313965585808223,1.3851174143271825,0.0711518285189594,0.0,0.0,0.0
7CZY,2,rpk,free,526,G,G,0,-2.4305306329953402,-2.4351972212477264,-0.004666588252386195,0.0,0.0,0.0
7CZY,2,rpk,free,527,P,P,0,-5.14863667994108,-5.105190044786671,0.043446635154409385,0.0,0.0,0.0
7CZY,2,rpk,free,528,K,K,0,-1.2824506509094165,-1.2302967350148832,0.05215391589453322,0.0,0.0,0.0
7CZY,2,rpk,free,529,K,K,0,-0.4373736215450329,-0.41094798754714246,0.02642563399789044,0.0,0.0,0.0
7CZY,2,rpk,free,530,S,S,0,-2.440075015697357,-2.4415208651268117,-0.001445849429454693,0.0,0.0,0.0
7CZY,2,rpk,free,531,T,T,0,-3.1719384649968,-3.1578787754384785,0.014059689558321598,0.0,0.0,0.0
7CZY,2,rpk,free,532,N,N,0,-1.0193606118557006,-1.0347009429688079,-0.015340331113107286,0.0,0.0,0.0
7CZY,2,rpk,free,533,L,L,0,0.05705627069448452,0.05239236163003952,-0.004663909064444999,0.0,0.0,0.0
7CZY,2,rpk,free,534,V,V,0,-0.7258911173154288,-0.7799950160349625,-0.054103898719533694,0.0,0.0,0.0
7CZY,2,rpk,free,535,K,K,0,-0.5171019146394094,-0.5268429348708309,-0.009741020231421538,0.0,0.0,0.0
7CZY,2,rpk,free,536,N,N,0,-0.9328052559907303,-0.9276144983692386,0.005190757621491682,0.0,0.0,0.0
7CZY,2,rpk,free,537,K,K,0,-1.2850167400144572,-1.3026107686090564,-0.017594028594599243,0.0,0.0,0.0
7CZY,2,rpk,free,538,C,C,0,-1.562520091033939,-1.5592422558867725,0.003277835147166508,0.0,0.0,0.0
7CZY,2,rpk,free,539,V,V,0,-2.294238043337489,-2.2819083246989407,0.012329718638548481,0.0,0.0,0.0
7CZY,2,rpk,free,540,N,N,0,-3.215753551363172,-3.2157910628952004,-3.751153202857793e-05,0.0,0.0,0.0
7CZY,2,rpk,free,541,F,F,0,0.477190019497317,0.52383949408406,0.04664947458674307,0.0,0.0,0.0
7CZY,2,af2,cons,320,V,V,0,0.5154691186506208,0.8222140659686556,0.3067449473180348,0.0,0.0,0.0
7CZY,2,af2,cons,321,Q,Q,0,-0.4467545183872446,-0.30268212799633243,0.1440723903909122,0.0,0.0,0.0
7CZY,2,af2,cons,322,P,P,0,-6.141531597247442,-6.116387711296083,0.0251438859513593,0.0,0.0,0.0
7CZY,2,af2,cons,323,T,T,0,-0.6626308977266799,-0.6873466381907962,-0.024715740464116287,0.0,0.0,0.0
7CZY,2,af2,cons,324,E,E,0,-2.9223053684219873,-2.833516158107497,0.0887892103144905,0.0,0.0,0.0
7CZY,2,af2,cons,325,S,S,0,-1.3798418932962595,-1.4074360236741665,-0.027594130377907033,0.0,0.0,0.0
7CZY,2,af2,cons,326,I,I,0,-4.829025147411372,-4.791856476556428,0.037168670854943464,0.0,0.0,0.0
7CZY,2,af2,cons,327,V,V,0,-3.1627311214668947,-2.759835587062553,0.40289553440434167,0.0,0.0,0.0
7CZY,2,af2,cons,328,R,R,0,-0.8188600895965368,-1.1030886563894473,-0.28422856679291053,0.0,0.0,0.0
7CZY,2,af2,cons,329,F,F,0,-3.2171014963745836,-3.6311764636467854,-0.4140749672722017,0.0,0.0,0.0
7CZY,2,af2,cons,330,P,P,0,-5.375301929980521,-5.332972528797209,0.042329401183311965,0.0,0.0,0.0
7CZY,2,af2,cons,331,N,N,0,-0.03150181770935867,-0.48348652903320727,-0.4519847113238486,0.0,0.0,0.0
7CZY,2,af2,cons,332,I,I,0,-4.369792227216693,-2.9033705822492375,1.4664216449674554,0.0,0.0,0.0
7CZY,2,af2,cons,333,T,T,0,-0.5230186892288452,-0.7087152906683141,-0.18569660143946887,0.0,0.0,0.0
7CZY,2,af2,cons,334,N,N,0,-2.2941104328331523,-2.0530714731356903,0.24103895969746203,0.0,0.0,0.0
7CZY,2,af2,cons,335,L,L,0,-0.4528737954839821,-0.45786742282750487,-0.004993627343522766,0.0,0.0,0.0
7CZY,2,af2,cons,336,C,C,0,-1.9635104779448365,-2.2880129424815228,-0.3245024645366863,0.0,0.0,0.0
7CZY,2,af2,cons,337,P,P,0,-2.8750197531392963,-2.7922649511511275,0.08275480198816876,0.0,0.0,0.0
7CZY,2,af2,cons,338,F,F,0,-4.742430774796825,-4.700650864958364,0.04177990983846058,0.0,0.0,0.0
7CZY,2,af2,cons,339,G,D,1,-0.5576169622761294,-2.613195239062736,-2.0555782767866067,0.0,0.0,0.0
7CZY,2,af2,cons,340,E,E,0,-1.9563645264349632,-2.3316174406171024,-0.37525291418213924,0.0,0.0,0.0
7CZY,2,af2,cons,341,V,V,0,-2.928109530073206,-3.0204545132942027,-0.09234498322099682,0.0,0.0,0.0
7CZY,2,af2,cons,342,F,F,0,-5.9256892874358185,-4.959623763804292,0.9660655236315261,0.0,0.0,0.0
7CZY,2,af2,cons,343,N,N,0,-2.3347230932674226,-2.3463617793616542,-0.011638686094231687,0.0,0.0,0.0
7CZY,2,af2,cons,344,A,A,0,-2.2636822203391427,-2.336673979381605,-0.07299175904246225,0.0,0.0,0.0
7CZY,2,af2,cons,345,T,T,0,-0.7769089946676622,-0.622740772165576,0.15416822250208617,0.0,0.0,0.0
7CZY,2,af2,cons,346,R,R,0,0.0064927210741577285,-0.4124962376899862,-0.41898895876414394,0.0,0.0,0.0
7CZY,2,af2,cons,347,F,F,0,-0.5795452511243293,-1.1286218059866786,-0.5490765548623493,0.0,0.0,0.0
7CZY,2,af2,cons,348,A,A,0,-1.212498615221927,-1.5760214926524836,-0.36352287743055656,0.0,0.0,0.0
7CZY,2,af2,cons,349,S,S,0,-3.026560281509046,-3.030453561457366,-0.0038932799483197833,0.0,0.0,0.0
7CZY,2,af2,cons,350,V,V,0,-1.8941529539807824,-1.4405779531341845,0.45357500084659796,0.0,0.0,0.0
7CZY,2,af2,cons,351,Y,Y,0,-2.5867466600224573,-2.850905060233983,-0.2641584002115258,0.0,0.0,0.0
7CZY,2,af2,cons,352,A,A,0,-1.48429366374605,-1.6158974075310921,-0.13160374378504214,0.0,0.0,0.0
7CZY,2,af2,cons,353,W,W,0,-2.710829933921449,-2.170065542203902,0.5407643917175471,0.0,0.0,0.0
7CZY,2,af2,cons,354,N,N,0,-1.4070225287280052,-1.6789137143605222,-0.271891185632517,0.0,0.0,0.0
7CZY,2,af2,cons,355,R,R,0,-2.306920199591503,-2.806353348167968,-0.4994331485764647,0.0,0.0,0.0
7CZY,2,af2,cons,356,K,K,0,-2.2807318040717846,-2.0238351823830762,0.2568966216887083,0.0,0.0,0.0
7CZY,2,af2,cons,357,R,R,0,-2.149916837756145,-2.2553527653714416,-0.10543592761529652,0.0,0.0,0.0
7CZY,2,af2,cons,358,I,I,0,-5.068992687122143,-5.108252069352598,-0.039259382230454776,0.0,0.0,0.0
7CZY,2,af2,cons,359,S,S,0,-2.563212605489177,-2.4834230278952862,0.07978957759389083,0.0,0.0,0.0
7CZY,2,af2,cons,360,N,N,0,-2.924121270275796,-3.9260833346777395,-1.0019620644019436,0.0,0.0,0.0
7CZY,2,af2,cons,361,C,C,0,-3.5722911023984256,-3.4353652344468917,0.13692586795153394,0.0,0.0,0.0
7CZY,2,af2,cons,362,V,V,0,-4.856935862889616,-4.139782785265387,0.7171530776242285,0.0,0.0,0.0
7CZY,2,af2,cons,363,A,A,0,-1.6177296939123504,-2.3434594531655244,-0.725729759253174,0.0,0.0,0.0
7CZY,2,af2,cons,364,D,D,0,-4.782045237411769,-4.220260901817561,0.5617843355942078,0.0,0.0,0.0
7CZY,2,af2,cons,365,Y,Y,0,-7.768711576304473,-6.600463819733033,1.1682477565714402,0.0,0.0,0.0
7CZY,2,af2,cons,366,S,S,0,-4.156634869200765,-4.07025961290542,0.08637525629534526,0.0,0.0,0.0
7CZY,2,af2,cons,367,V,V,0,1.3374214969681935,1.3886770139475886,0.05125551697939512,0.0,0.0,0.0
7CZY,2,af2,cons,368,L,L,0,-5.200000498401362,-5.1224844374117655,0.07751606098959662,0.0,0.0,0.0
7CZY,2,af2,cons,369,Y,Y,0,-0.9875680709132635,-3.0669828947041484,-2.079414823790885,0.0,0.0,0.0
7CZY,2,af2,cons,370,N,N,0,-2.044642458567455,-1.9495934428432742,0.09504901572418101,0.0,0.0,0.0
7CZY,2,af2,cons,371,S,L,1,-2.2639059186076103,-4.191768004724744,-1.9278620861171336,0.0,0.0,0.0
7CZY,2,af2,cons,372,A,A,0,1.7647206015489272,0.2642650165778704,-1.5004555849710568,0.0,0.0,0.0
7CZY,2,af2,cons,373,S,P,1,-2.611127624655005,-2.7641016532535723,-0.15297402859856746,0.0,0.0,0.0
7CZY,2,af2,cons,374,F,F,0,-2.5347280609856986,-0.08138426886151229,2.453343792124186,0.0,0.0,0.0
7CZY,2,af2,cons,375,S,F,1,-0.7338114144995737,-0.6152538733609298,0.11855754113864381,0.0,0.0,0.0
7CZY,2,af2,cons,376,T,T,0,-1.6563832220224504,-2.9693238993307567,-1.3129406773083063,0.0,0.0,0.0
7CZY,2,af2,cons,377,F,F,0,-2.483598774394489,-2.5216322336623413,-0.03803345926785218,0.0,0.0,0.0
7CZY,2,af2,cons,378,K,K,0,-2.827546761546049,-2.2619160386863237,0.565630722859725,0.0,0.0,0.0
7CZY,2,af2,cons,379,C,C,0,-1.431231225345682,-0.7771956924804941,0.6540355328651879,0.0,0.0,0.0
7CZY,2,af2,cons,380,Y,Y,0,-3.7686632521671317,-3.6307125626175583,0.13795068954957346,0.0,0.0,0.0
7CZY,2,af2,cons,381,G,G,0,-1.5494041159232945,-1.553566629166849,-0.004162513243554544,0.0,0.0,0.0
7CZY,2,af2,cons,382,V,V,0,-1.2940603291116495,-1.3217588377766143,-0.027698508664964816,0.0,0.0,0.0
7CZY,2,af2,cons,383,S,S,0,-2.46594743499173,-2.6163604637832814,-0.15041302879155127,0.0,0.0,0.0
7CZY,2,af2,cons,384,P,P,0,-5.598986757261914,-5.506792437766127,0.09219431949578638,0.0,0.0,0.0
7CZY,2,af2,cons,385,T,T,0,-1.2063998911054474,-1.6406017906127883,-0.4342018995073409,0.0,0.0,0.0
7CZY,2,af2,cons,386,K,K,0,-2.722331994227562,-2.332346605049911,0.38998538917765124,0.0,0.0,0.0
7CZY,2,af2,cons,387,L,L,0,-6.145828148930938,-6.014010965846668,0.13181718308426937,0.0,0.0,0.0
7CZY,2,af2,cons,388,N,N,0,-2.6033414394692507,-2.0989401950781534,0.5044012443910972,0.0,0.0,0.0
7CZY,2,af2,cons,389,D,D,0,-5.708885854123035,-6.182470318924446,-0.47358446480141136,0.0,0.0,0.0
7CZY,2,af2,cons,390,L,L,0,-0.746822607419901,-3.150506872515601,-2.4036842650957,0.0,0.0,0.0
7CZY,2,af2,cons,391,C,C,0,-1.587011565419576,1.922473240962058,3.509484806381634,0.0,0.0,0.0
7CZY,2,af2,cons,392,F,F,0,-8.489742623477108,-6.282970126354694,2.2067724971224134,0.0,0.0,0.0
7CZY,2,af2,cons,393,T,T,0,-2.8567162674705173,-4.8228489300489095,-1.9661326625783921,0.0,0.0,0.0
7CZY,2,af2,cons,394,N,N,0,-3.4890483460611166,-3.7688857874328474,-0.27983744137173083,0.0,0.0,0.0
7CZY,2,af2,cons,395,V,V,0,-7.173961002659683,-6.601052914988791,0.5729080876708927,0.0,0.0,0.0
7CZY,2,af2,cons,396,Y,Y,0,-5.024290686667819,-5.234973487553185,-0.2106828008853654,0.0,0.0,0.0
7CZY,2,af2,cons,397,A,A,0,-3.03466231083786,-3.0418345262185054,-0.007172215380645497,0.0,0.0,0.0
7CZY,2,af2,cons,398,D,D,0,-8.052289282448942,-8.04429977486836,0.007989507580582256,0.0,0.0,0.0
7CZY,2,af2,cons,399,S,S,0,-3.8817486919750297,-4.148316565329352,-0.26656787335432197,0.0,0.0,0.0
7CZY,2,af2,cons,400,F,F,0,-7.821757130211005,-8.085988264701493,-0.26423113449048774,0.0,0.0,0.0
7CZY,2,af2,cons,401,V,V,0,-4.843000260145655,-4.599505261384401,0.24349499876125424,0.0,0.0,0.0
7CZY,2,af2,cons,402,I,I,0,-6.558911428917466,-6.585563804949701,-0.026652376032235026,0.0,0.0,0.0
7CZY,2,af2,cons,403,R,R,0,-3.9197538354859236,-4.457535838794295,-0.5377820033083718,0.0005323773487374438,0.0,-0.0005323773487374438
7CZY,2,af2,cons,404,G,G,0,-0.853749883248722,-1.0903257258915722,-0.23657584264285014,0.0,0.0,0.0
7CZY,2,af2,cons,405,D,D,0,-3.5283789760506377,-3.4603701016654878,0.06800887438514991,0.0,0.0,0.0
7CZY,2,af2,cons,406,E,E,0,-7.845349259831302,-9.256350395864107,-1.4110011360328052,0.0,0.0,0.0
7CZY,2,af2,cons,407,V,V,0,-2.52376968821877,-2.3127622647649297,0.21100742345384038,0.0,0.0,0.0
7CZY,2,af2,cons,408,R,R,0,0.23420504492782457,0.5010041221804125,0.2667990772525879,0.0,0.0,0.0
7CZY,2,af2,cons,409,Q,Q,0,-6.689059157875605,-7.491785600834624,-0.8027264429590186,0.0,0.0,0.0
7CZY,2,af2,cons,410,I,I,0,-3.3280145387001308,-3.357529318349818,-0.029514779649687295,0.0,0.0,0.0
7CZY,2,af2,cons,411,A,A,0,-0.9698928683309435,-1.1771410190863674,-0.2072481507554239,0.0,0.0,0.0
7CZY,2,af2,cons,412,P,P,0,-6.218129004664155,-6.1319099563550825,0.08621904830907212,0.0,0.0,0.0
7CZY,2,af2,cons,413,G,G,0,-2.6910933079060264,-2.1494415599119283,0.5416517479940981,0.0,0.0,0.0
7CZY,2,af2,cons,414,Q,Q,0,-3.861697456891245,-3.101128883626068,0.7605685732651772,0.0,0.0,0.0
7CZY,2,af2,cons,415,T,T,0,-1.4660898273169847,-1.382884834177052,0.08320499313993257,0.0,0.0,0.0
7CZY,2,af2,cons,416,G,G,0,-2.9409802275935224,-3.355552896118572,-0.4145726685250497,0.0,0.0,0.0
7CZY,2,af2,cons,417,K,N,1,-1.429596036788834,-0.26395106499569626,1.1656449717931379,-0.03209051925248158,-7.375152141415181e-05,0.03201676773106743
7CZY,2,af2,cons,418,I,I,0,-6.241049938784883,-6.737366569541219,-0.49631663075633625,0.0,0.0,0.0
7CZY,2,af2,cons,419,A,A,0,-1.549041144685647,-2.125546368883704,-0.576505224198057,0.0,0.0,0.0
7CZY,2,af2,cons,420,D,D,0,-8.130691052968084,-7.654771257313872,0.47591979565421205,0.0,0.0,0.0
7CZY,2,af2,cons,421,Y,Y,0,-2.2670528362874136,-3.0252644852168427,-0.758211648929429,-1.382530919023213,-1.4300437569993012,-0.047512837976088296
7CZY,2,af2,cons,422,N,N,0,-4.414723774410681,-4.66545415228904,-0.2507303778783587,0.0,0.0,0.0
7CZY,2,af2,cons,423,Y,Y,0,-5.176252988303067,-5.44584832572791,-0.26959533742484343,0.0,0.0,0.0
7CZY,2,af2,cons,424,K,K,0,-3.7618239860599205,-2.432348791211793,1.3294751948481274,0.0,0.0,0.0
7CZY,2,af2,cons,425,L,L,0,-5.631865557137984,-7.181957338060775,-1.5500917809227905,0.0,0.0,0.0
7CZY,2,af2,cons,426,P,P,0,-5.294669477426971,-5.503308785667143,-0.20863930824017274,0.0,0.0,0.0
7CZY,2,af2,cons,427,D,D,0,-2.0787947919991088,-1.2894172073626264,0.7893775846364823,0.0,0.0,0.0
7CZY,2,af2,cons,428,D,D,0,-0.5797543753158851,-0.6501517252234598,-0.07039734990757462,0.0,0.0,0.0
7CZY,2,af2,cons,429,F,F,0,-4.094703649485406,-4.4917107392418885,-0.3970070897564826,0.0,0.0,0.0
7CZY,2,af2,cons,430,T,T,0,-3.7005950043443265,-3.56154967061079,0.13904533373353667,0.0,0.0,0.0
7CZY,2,af2,cons,431,G,G,0,-5.488602662646027,-5.495596079212258,-0.00699341656623087,0.0,0.0,0.0
7CZY,2,af2,cons,432,C,C,0,-3.7865906509299436,-3.5102190393665906,0.276371611563353,0.0,0.0,0.0
7CZY,2,af2,cons,433,V,V,0,-6.378404354908108,-6.946691996468041,-0.5682876415599329,0.0,0.0,0.0
7CZY,2,af2,cons,434,I,I,0,-6.283406525529781,-5.689942437571187,0.5934640879585942,0.0,0.0,0.0
7CZY,2,af2,cons,435,A,A,0,-6.973076362707155,-5.31680818843848,1.656268174268675,0.0,0.0,0.0
7CZY,2,af2,cons,436,W,W,0,-4.530229462624988,-3.4134104644575096,1.1168189981674788,0.0,0.0,0.0
7CZY,2,af2,cons,437,N,N,0,-2.7619131128610954,-3.4061851070717952,-0.6442719942106998,0.0,0.0,0.0
7CZY,2,af2,cons,438,S,S,0,-4.35506501829458,-4.1556390847141635,0.19942593358041627,0.0,0.0,0.0
7CZY,2,af2,cons,439,N,N,0,-1.3090601769388213,-1.2371213417519051,0.07193883518691613,0.0,0.0,0.0
7CZY,2,af2,cons,440,N,K,1,-0.1541165158110494,-0.2506674573963421,-0.0965509415852927,0.0,0.0,0.0
7CZY,2,af2,cons,441,L,L,0,0.19981663231824393,-0.0760617054404295,-0.27587833775867343,0.0,0.0,0.0
7CZY,2,af2,cons,442,D,D,0,-9.354463939664763,-8.859954067606727,0.4945098720580354,0.0,0.0,0.0
7CZY,2,af2,cons,443,S,S,0,-1.9350170681162617,-2.0601861694362604,-0.1251691013199987,0.0,0.0,0.0
7CZY,2,af2,cons,444,K,K,0,-2.5736364848084623,-1.3793596743311827,1.1942768104772796,0.0,0.0,0.0
7CZY,2,af2,cons,445,V,V,0,1.4341614525031756,1.0124249094624047,-0.4217365430407709,0.0,0.0,0.0
7CZY,2,af2,cons,446,G,S,1,-3.3576433086734996,-1.2718690271744642,2.0857742814990354,-4.359969810048547e-05,0.0,4.359969810048547e-05
7CZY,2,af2,cons,447,G,G,0,-3.5634310950487014,-2.167332807059232,1.3960982879894694,0.0,0.0,0.0
7CZY,2,af2,cons,448,N,N,0,-4.721431893694914,-3.3662187769816256,1.355213116713288,0.0,0.0,0.0
7CZY,2,af2,cons,449,Y,Y,0,-1.6190535933763566,-0.7380151256969903,0.8810384676793662,-0.0014515285065754124,-0.0013339952840372322,0.00011753322253818012
7CZY,2,af2,cons,450,N,N,0,-0.5690872358088934,-1.2227480185878286,-0.6536607827789351,0.0,0.0,0.0
7CZY,2,af2,cons,451,Y,Y,0,-4.176000163414094,-5.873615690950171,-1.697615527536077,0.0,0.0,0.0
7CZY,2,af2,cons,452,L,L,0,-4.4652223215504305,-3.47380259500334,0.9914197265470905,0.0,0.0,0.0
7CZY,2,af2,cons,453,Y,Y,0,-5.555866029182356,-5.935448658046903,-0.3795826288645472,-0.038010004409424245,-0.010313428283790279,0.027696576125633966
7CZY,2,af2,cons,454,R,R,0,-5.772826066543107,-5.816931474294815,-0.044105407751708015,0.0,0.0,0.0
7CZY,2,af2,cons,455,L,L,0,-1.7215343132116694,-1.4351444424000974,0.28638987081157197,-0.9324201378587617,-0.7936699501798699,0.1387501876788918
7CZY,2,af2,cons,456,F,F,0,-5.756459772302259,-5.907343670406536,-0.1508838981042766,-4.774325567992634,-4.540929562138834,0.23339600585380005
7CZY,2,af2,cons,457,R,R,0,-1.7724932102876205,-1.3436290288371775,0.428864181450443,-0.4572500156752959,-0.3243005666897687,0.13294944898552719
7CZY,2,af2,cons,458,K,K,0,-1.7975736381858103,-1.1974111886906653,0.600162449495145,-0.360252927185754,-0.0029462555589330848,0.35730667162682095
7CZY,2,af2,cons,459,S,S,0,-1.81367707560081,-1.7055397882934349,0.10813728730737515,-0.04609610238249272,-7.456801842664618e-11,0.0460961023079247
7CZY,2,af2,cons,460,N,N,0,-1.2762610838580213,-1.2701897055591551,0.00607137829886617,-0.005751936728526951,-0.0009300046080138458,0.004821932120513105
7CZY,2,af2,cons,461,L,L,0,-4.421917408500777,-3.872893895157656,0.5490235133431209,0.0,0.0,0.0
7CZY,2,af2,cons,462,K,K,0,-2.6465101220701825,-2.690143567650426,-0.043633445580243624,0.0,0.0,0.0
7CZY,2,af2,cons,463,P,P,0,-4.687832116268027,-4.818054192212454,-0.13022207594442659,0.0,0.0,0.0
7CZY,2,af2,cons,464,F,F,0,-1.6055981426624606,-1.8428678589372092,-0.23726971627474858,0.0,0.0,0.0
7CZY,2,af2,cons,465,E,E,0,-4.990552053083698,-4.952576063839582,0.03797598924411627,0.0,0.0,0.0
7CZY,2,af2,cons,466,R,R,0,-1.1058538934330968,-0.933895619755056,0.17195827367804084,0.0,0.0,0.0
7CZY,2,af2,cons,467,D,D,0,-4.9203968175590616,-5.128166900924832,-0.2077700833657703,0.0,0.0,0.0
7CZY,2,af2,cons,468,I,I,0,0.5534805892370861,0.4024751222384679,-0.15100546699861822,0.0,0.0,0.0
7CZY,2,af2,cons,469,S,S,0,-3.5855403243123276,-3.52027352539174,0.06526679892058773,0.0,0.0,0.0
7CZY,2,af2,cons,470,T,T,0,-0.7339171822720323,-0.9842803982205792,-0.25036321594854694,0.0,0.0,0.0
7CZY,2,af2,cons,471,E,E,0,-3.418938348579848,-3.2104246787233115,0.2085136698565364,0.0,0.0,0.0
7CZY,2,af2,cons,472,I,I,0,-1.968678643752466,-3.172583158615852,-1.203904514863386,-0.004545271225433314,-0.09789292577049323,-0.09334765454505992
7CZY,2,af2,cons,473,Y,Y,0,-6.035109601453615,-5.36618199469905,0.6689276067545649,-3.6998857381393955,-3.7801149174037834,-0.08022917926438788
7CZY,2,af2,cons,474,Q,Q,0,0.3069064468022414,-1.8410682654299337,-2.147974712232175,0.2714397949372337,0.31433559886153306,0.04289580392429937
7CZY,2,af2,cons,475,A,A,0,-4.380979572702009,-2.3551411249250793,2.02583844777693,-5.0032087549431585,-1.3286324336085615,3.674576321334597
7CZY,2,af2,cons,476,G,G,0,-2.295647434936997,-0.8126235900078909,1.483023844929106,-2.8900823495685692,-0.923529517199274,1.9665528323692953
7CZY,2,af2,cons,477,S,N,1,-1.4526726316219538,0.5295025861516842,1.982175217773638,-2.631269849891458,-3.4384778604885424,-0.8072080105970842
7CZY,2,af2,cons,478,T,K,1,0.47538868756943675,0.16120207725710575,-0.31418661031233097,-0.5251791287692125,-1.878751116225461,-1.3535719874562486
7CZY,2,af2,cons,479,P,P,0,-4.641575726488468,-4.0525138132142615,0.5890619132742065,-0.7005525735439824,-0.03996216018970807,0.6605904133542743
7CZY,2,af2,cons,480,C,C,0,0.7754501237316347,0.4663443096599841,-0.3091058140716506,0.0,0.0,0.0
7CZY,2,af2,cons,481,N,N,0,-0.1379789200634301,-0.322781348750075,-0.18480242868664493,0.0,0.0,0.0
7CZY,2,af2,cons,482,G,G,0,-2.3347196865656956,-2.150396733484718,0.18432295308097757,-8.490195818917825e-06,0.0,8.490195818917825e-06
7CZY,2,af2,cons,483,V,V,0,0.5047658875272938,-0.9240293506726376,-1.4287952381999314,-2.765291118738953,0.0013583137369430828,2.766649432475896
7CZY,2,af2,cons,484,E,A,1,-1.460923406094901,-2.212193775193001,-0.7512703690981,-4.86964327751855,-2.0174408799828027,2.8522023975357476
7CZY,2,af2,cons,485,G,G,0,-0.8690182430707272,-3.4003972126136093,-2.531378969542882,-0.1372056389947205,-1.1850393096392002,-1.0478336706444797
7CZY,2,af2,cons,486,F,F,0,0.09870046409976396,0.7886527060185025,0.6899522419187385,-5.845336102262017,-4.95587458614693,0.8894615161150874
7CZY,2,af2,cons,487,N,N,0,-5.595165336568613,-5.776788837621395,-0.18162350105278247,-4.097671606610441,-4.146791457055914,-0.04911985044547329
7CZY,2,af2,cons,488,C,C,0,-1.4874152016716895,-1.9897060908062238,-0.5022908891345343,-1.5232630014146027,-0.08354677344389971,1.439716227970703
7CZY,2,af2,cons,489,Y,Y,0,-6.730304733258102,-3.4290930992359345,3.301211634022167,-8.17623630789658,-4.180525597760872,3.9957107101357083
7CZY,2,af2,cons,490,F,F,0,1.5681385379108264,0.9179462941878873,-0.650192243722939,0.511823310823943,-1.7297094251420866,-2.2415327359660298
7CZY,2,af2,cons,491,P,P,0,-7.209732054947851,-7.9098867345516615,-0.7001546796038101,-2.4253220367330408e-05,-6.451957673384807e-05,-4.026635636651766e-05
7CZY,2,af2,cons,492,L,L,0,-4.923671432931885,-5.443060068810057,-0.5193886358781725,0.007720728692305694,-6.160453240039963e-06,-0.007726889145545734
7CZY,2,af2,cons,493,Q,R,1,-4.667056529468655,-4.86903162132511,-0.2019750918564549,-4.9774100543615845,-1.964957626908905,3.012452427452679
7CZY,2,af2,cons,494,S,S,0,-2.985417582335483,-1.288484738002737,1.6969328443327458,-0.11086691955378172,-0.08448218558972306,0.02638473396405866
7CZY,2,af2,cons,495,Y,Y,0,-3.870441245579053,-4.591911964161504,-0.7214707185824509,-0.0003945124787262805,-6.20528803057796e-05,0.0003324595984205009
7CZY,2,af2,cons,496,G,S,1,-1.8938364129216763,-1.6925357433499333,0.20130066957174297,0.0,-0.005730822345628267,-0.005730822345628267
7CZY,2,af2,cons,497,F,F,0,-5.885078810068742,-5.555598744642821,0.3294800654259209,0.0,0.0,0.0
7CZY,2,af2,cons,498,Q,R,1,-1.021627395569877,-1.131715577176786,-0.11008818160690903,0.0,0.0,0.0
7CZY,2,af2,cons,499,P,P,0,-3.7016463836481286,-3.662263150444352,0.03938323320377668,0.0,0.0,0.0
7CZY,2,af2,cons,500,T,T,0,0.741494121436588,0.43264764169607584,-0.30884647974051216,0.0,0.0,0.0
7CZY,2,af2,cons,501,N,Y,1,-2.4569284857645535,-1.1147590877696567,1.3421693979948968,0.0,0.0,0.0
7CZY,2,af2,cons,502,G,G,0,0.7375331823166886,0.47637605003401884,-0.2611571322826698,0.0,0.0,0.0
7CZY,2,af2,cons,503,V,V,0,1.373081789836185,1.342875418394018,-0.03020637144216698,0.0,0.0,0.0
7CZY,2,af2,cons,504,G,G,0,-1.9955337045586707,-1.7524900338776128,0.24304367068105792,0.0,0.0,0.0
7CZY,2,af2,cons,505,Y,H,1,-1.0106747689377102,-1.6483281891646857,-0.6376534202269755,-2.211160156522277e-06,0.04824852068100349,0.048250731841160015
7CZY,2,af2,cons,506,Q,Q,0,-6.1224481016261425,-5.895862092050463,0.2265860095756791,0.0,0.0,0.0
7CZY,2,af2,cons,507,P,P,0,-7.221944939018589,-7.22747414558152,-0.005529206562931321,0.0,0.0,0.0
7CZY,2,af2,cons,508,Y,Y,0,-3.278295490200737,-3.496792249675051,-0.21849675947431413,0.0,0.0,0.0
7CZY,2,af2,cons,509,R,R,0,-7.694814037644414,-7.266316573389251,0.42849746425516244,0.0,0.0,0.0
7CZY,2,af2,cons,510,V,V,0,-6.79053662998366,-6.925091943589034,-0.13455531360537343,0.0,0.0,0.0
7CZY,2,af2,cons,511,V,V,0,-7.9003147428061,-7.927383732413713,-0.027068989607612615,0.0,0.0,0.0
7CZY,2,af2,cons,512,V,V,0,-7.203492557032224,-6.947243834279931,0.25624872275229293,0.0,0.0,0.0
7CZY,2,af2,cons,513,L,L,0,-7.8564879739781714,-7.981861557689043,-0.12537358371087137,0.0,0.0,0.0
7CZY,2,af2,cons,514,S,S,0,-3.99655725025317,-4.095270369154864,-0.09871311890169432,0.0,0.0,0.0
7CZY,2,af2,cons,515,F,F,0,-4.9331788576868005,-4.118047206357625,0.8151316513291755,0.0,0.0,0.0
7CZY,2,af2,cons,516,E,E,0,-4.543553351340029,-5.411279262731975,-0.867725911391946,0.0,0.0,0.0
7CZY,2,af2,cons,517,L,L,0,-0.4399451237684961,0.3936064485047278,0.8335515722732239,0.0,0.0,0.0
7CZY,2,af2,cons,518,L,L,0,2.4402501843345563,0.5512858170720536,-1.8889643672625027,0.0,0.0,0.0
7CZY,2,af2,cons,519,H,H,0,-0.041038308589847916,1.3824999076187465,1.4235382162085943,0.0,0.0,0.0
7CZY,2,af2,cons,520,A,A,0,0.07726039698442433,0.43652375900869017,0.35926336202426584,0.0,0.0,0.0
7CZY,2,af2,cons,521,P,P,0,-3.096441901181068,-3.5032064126525633,-0.4067645114714953,0.0,0.0,0.0
7CZY,2,af2,cons,522,A,A,0,-2.531266769773963,-1.9117588179959055,0.6195079517780573,0.0,0.0,0.0
7CZY,2,af2,cons,523,T,T,0,-4.544778365803461,-5.211737283010104,-0.6669589172066424,0.0,0.0,0.0
7CZY,2,af2,cons,524,V,V,0,-6.196101723495391,-5.637048734217478,0.5590529892779132,0.0,0.0,0.0
7CZY,2,af2,cons,525,C,C,0,-2.4851681696188614,-1.8287854879104755,0.656382681708386,0.0,0.0,0.0
7CZY,2,af2,cons,526,G,G,0,-2.187991317540461,-1.3482522116490854,0.8397391058913755,0.0,0.0,0.0
7CZY,2,af2,cons,527,P,P,0,-2.3103978889355736,-3.983611640956307,-1.6732137520207333,0.0,0.0,0.0
7CZY,2,af2,cons,528,K,K,0,-3.165994125982771,-1.311192537200977,1.854801588781794,0.0,0.0,0.0
7CZY,2,af2,cons,529,K,K,0,-0.7422423701092727,-0.7399150831169908,0.0023272869922819073,0.0,0.0,0.0
7CZY,2,af2,cons,530,S,S,0,-2.9276841621026084,-2.305755167684816,0.6219289944177926,0.0,0.0,0.0
7CZY,2,af2,cons,531,T,T,0,-2.401671691614813,-2.335141859081881,0.06652983253293199,0.0,0.0,0.0
7CZY,2,af2,cons,532,N,N,0,-0.3154690018917983,-0.2960498889150995,0.019419112976698794,0.0,0.0,0.0
7CZY,2,af2,cons,533,L,L,0,-1.3202372377369853,-1.3703634686629742,-0.05012623092598889,0.0,0.0,0.0
7CZY,2,af2,cons,534,V,V,0,-1.9182503790251824,-1.7702367136529988,0.14801366537218352,0.0,0.0,0.0
7CZY,2,af2,cons,535,K,K,0,-0.39671919661344857,-0.25196935552252575,0.14474984109092282,0.0,0.0,0.0
7CZY,2,af2,cons,536,N,N,0,-1.0006737789055666,-1.0398654157040785,-0.0391916367985119,0.0,0.0,0.0
7CZY,2,af2,cons,537,K,K,0,-2.0040979508734904,-2.0576146938102022,-0.053516742936711825,0.0,0.0,0.0
7CZY,2,af2,cons,538,C,C,0,-1.7344152032212226,-1.7239697620801464,0.01044544114107615,0.0,0.0,0.0
7CZY,2,af2,cons,539,V,V,0,-2.739357006256152,-3.0513580804999383,-0.3120010742437862,0.0,0.0,0.0
7CZY,2,af2,cons,540,N,N,0,-3.5956529178067926,-3.6401747449366204,-0.04452182712982777,0.0,0.0,0.0
7CZY,2,af2,cons,541,F,F,0,0.47863805356634453,0.11450294742492159,-0.36413510614142297,0.0,0.0,0.0
7CZY,2,af2,free,320,V,V,0,0.6469740341764207,0.9311278297580383,0.2841537955816176,0.0,0.0,0.0
7CZY,2,af2,free,321,Q,Q,0,-0.5808085058267561,-0.14169436741993074,0.4391141384068254,0.0,0.0,0.0
7CZY,2,af2,free,322,P,P,0,-6.058634617370778,-6.08757943638641,-0.028944819015632284,0.0,0.0,0.0
7CZY,2,af2,free,323,T,T,0,-0.7992786185125242,-0.7188741683117501,0.08040445020077414,0.0,0.0,0.0
7CZY,2,af2,free,324,E,E,0,-2.2168404075162123,-2.964188386623994,-0.747347979107782,0.0,0.0,0.0
7CZY,2,af2,free,325,S,S,0,-0.7346823654677739,-1.4131871439321924,-0.6785047784644185,0.0,0.0,0.0
7CZY,2,af2,free,326,I,I,0,-4.531851851482001,-4.852191634177814,-0.32033978269581276,0.0,0.0,0.0
7CZY,2,af2,free,327,V,V,0,-3.396252497199007,-2.813318843850918,0.5829336533480891,0.0,0.0,0.0
7CZY,2,af2,free,328,R,R,0,-0.28873418807566026,-1.0319169655000109,-0.7431827774243507,0.0,0.0,0.0
7CZY,2,af2,free,329,F,F,0,-3.4437698609491596,-3.731043418584312,-0.2872735576351526,0.0,0.0,0.0
7CZY,2,af2,free,330,P,P,0,-5.347312093901318,-4.833214487037405,0.5140976068639134,0.0,0.0,0.0
7CZY,2,af2,free,331,N,N,0,0.02216168557830217,-0.10641722614030436,-0.12857891171860653,0.0,0.0,0.0
7CZY,2,af2,free,332,I,I,0,-4.2428692356741164,-3.473073883215984,0.7697953524581322,0.0,0.0,0.0
7CZY,2,af2,free,333,T,T,0,-0.5368957690756444,-0.791603710657733,-0.25470794158208865,0.0,0.0,0.0
7CZY,2,af2,free,334,N,N,0,-2.189879244510022,-1.9687241992673459,0.22115504524267604,0.0,0.0,0.0
7CZY,2,af2,free,335,L,L,0,-0.4616778254481293,-0.9514581345545196,-0.48978030910639025,0.0,0.0,0.0
7CZY,2,af2,free,336,C,C,0,-1.8795684272935398,-2.700381823791536,-0.8208133964979962,0.0,0.0,0.0
7CZY,2,af2,free,337,P,P,0,-2.8461762677634743,-2.8395321566341543,0.006644111129320063,0.0,0.0,0.0
7CZY,2,af2,free,338,F,F,0,-5.03306485487789,-5.453796131143989,-0.42073127626609885,0.0,0.0,0.0
7CZY,2,af2,free,339,G,D,1,-0.5328393921945679,-2.671631545705562,-2.138792153510994,0.0,0.0,0.0
7CZY,2,af2,free,340,E,E,0,-2.0075705118913665,-2.335450489285229,-0.32787997739386254,0.0,0.0,0.0
7CZY,2,af2,free,341,V,V,0,-2.8159972778836697,-3.338384536535588,-0.5223872586519183,0.0,0.0,0.0
7CZY,2,af2,free,342,F,F,0,-5.891940043949612,-4.619187426044069,1.2727526179055433,0.0,0.0,0.0
7CZY,2,af2,free,343,N,N,0,-2.319272320210068,-2.351444598445418,-0.03217227823534996,0.0,0.0,0.0
7CZY,2,af2,free,344,A,A,0,-2.1997227822635916,-2.2936583410096354,-0.09393555874604376,0.0,0.0,0.0
7CZY,2,af2,free,345,T,T,0,-0.7178160797976617,-0.5415532443010294,0.17626283549663235,0.0,0.0,0.0
7CZY,2,af2,free,346,R,R,0,-0.35795193747712195,-0.44844422866918676,-0.09049229119206481,0.0,0.0,0.0
7CZY,2,af2,free,347,F,F,0,-0.6435627968996465,-0.1434857125302272,0.5000770843694192,0.0,0.0,0.0
7CZY,2,af2,free,348,A,A,0,-1.0808522176535202,-1.4858119371227039,-0.40495971946918363,0.0,0.0,0.0
7CZY,2,af2,free,349,S,S,0,-3.0981037647033496,-3.059330097053359,0.038773667649990795,0.0,0.0,0.0
7CZY,2,af2,free,350,V,V,0,-1.8394295916231638,-1.3982758922747953,0.44115369934836846,0.0,0.0,0.0
7CZY,2,af2,free,351,Y,Y,0,-3.186084481122795,-2.6292885048900643,0.5567959762327308,0.0,0.0,0.0
7CZY,2,af2,free,352,A,A,0,-1.404090806901288,-1.4359881728390809,-0.0318973659377928,0.0,0.0,0.0
7CZY,2,af2,free,353,W,W,0,-2.4675757039572703,-2.8675920307569713,-0.400016326799701,0.0,0.0,0.0
7CZY,2,af2,free,354,N,N,0,-1.3486060201480394,-2.373474494866921,-1.0248684747188817,0.0,0.0,0.0
7CZY,2,af2,free,355,R,R,0,-2.189398985548109,-2.6217394357368238,-0.4323404501887147,0.0,0.0,0.0
7CZY,2,af2,free,356,K,K,0,-2.256400060859483,-2.244473393154665,0.011926667704817984,0.0,0.0,0.0
7CZY,2,af2,free,357,R,R,0,-2.159649980798647,-2.15842322850605,0.0012267522925970553,0.0,0.0,0.0
7CZY,2,af2,free,358,I,I,0,-5.067468791390658,-5.1622079514149135,-0.09473916002425575,0.0,0.0,0.0
7CZY,2,af2,free,359,S,S,0,-2.5163570967497737,-2.367444680622617,0.1489124161271569,0.0,0.0,0.0
7CZY,2,af2,free,360,N,N,0,-2.1210702077693715,-2.597897188431664,-0.4768269806622927,0.0,0.0,0.0
7CZY,2,af2,free,361,C,C,0,-3.6246081567477435,-4.1254035037476395,-0.500795346999896,0.0,0.0,0.0
7CZY,2,af2,free,362,V,V,0,-4.468292321613106,-5.403032759979233,-0.9347404383661271,0.0,0.0,0.0
7CZY,2,af2,free,363,A,A,0,-1.4616789277627842,-2.937856162896845,-1.4761772351340607,0.0,0.0,0.0
7CZY,2,af2,free,364,D,D,0,-5.243862431044476,-5.155946984483245,0.0879154465612304,0.0,0.0,0.0
7CZY,2,af2,free,365,Y,Y,0,-7.502697899504584,-5.671321118760786,1.8313767807437982,0.0,0.0,0.0
7CZY,2,af2,free,366,S,S,0,-4.001802479549523,-4.205589099981059,-0.2037866204315355,0.0,0.0,0.0
7CZY,2,af2,free,367,V,V,0,1.2523242035965396,0.02436920014292618,-1.2279550034536135,0.0,0.0,0.0
7CZY,2,af2,free,368,L,L,0,-5.185648742279536,-3.914470752303271,1.2711779899762652,0.0,0.0,0.0
7CZY,2,af2,free,369,Y,Y,0,-1.055188935657311,-2.4897256602033013,-1.4345367245459903,0.0,0.0,0.0
7CZY,2,af2,free,370,N,N,0,-1.987785468676666,-1.538137184921327,0.44964828375533905,0.0,0.0,0.0
7CZY,2,af2,free,371,S,L,1,-2.352765781081892,-3.4242892103256053,-1.0715234292437135,0.0,0.0,0.0
7CZY,2,af2,free,372,A,A,0,1.7374893759076944,-0.38670582274926363,-2.124195198656958,0.0,0.0,0.0
7CZY,2,af2,free,373,S,P,1,-2.66109446780942,-3.0817997097427976,-0.42070524193337766,0.0,0.0,0.0
7CZY,2,af2,free,374,F,F,0,-2.5433137810847017,-0.13623537236052302,2.4070784087241788,0.0,0.0,0.0
7CZY,2,af2,free,375,S,F,1,-0.5757438766239668,-0.7339935069425523,-0.15824963031858552,0.0,0.0,0.0
7CZY,2,af2,free,376,T,T,0,-1.7403449464377323,-2.2185010202276554,-0.4781560737899231,0.0,0.0,0.0
7CZY,2,af2,free,377,F,F,0,-2.2817177623395555,-1.316869914329304,0.9648478480102516,0.0,0.0,0.0
7CZY,2,af2,free,378,K,K,0,-2.6796408372445386,-2.705412200163968,-0.025771362919429386,0.0,0.0,0.0
7CZY,2,af2,free,379,C,C,0,-1.4575320778276044,-1.6410958231687665,-0.18356374534116204,0.0,0.0,0.0
7CZY,2,af2,free,380,Y,Y,0,-3.9850542525227457,-3.970068117443188,0.014986135079557705,0.0,0.0,0.0
7CZY,2,af2,free,381,G,G,0,-1.5448131321309784,-1.3500492973612035,0.19476383476977488,0.0,0.0,0.0
7CZY,2,af2,free,382,V,V,0,-1.288003426758515,-0.4577157810067119,0.8302876457518031,0.0,0.0,0.0
7CZY,2,af2,free,383,S,S,0,-2.4599067380645376,-2.7654333829556523,-0.3055266448911147,0.0,0.0,0.0
7CZY,2,af2,free,384,P,P,0,-5.592227557447346,-5.651487311945313,-0.05925975449796628,0.0,0.0,0.0
7CZY,2,af2,free,385,T,T,0,-1.3036094377510137,-1.8466225801787193,-0.5430131424277056,0.0,0.0,0.0
7CZY,2,af2,free,386,K,K,0,-2.3449925958795057,-2.641801774777091,-0.2968091788975853,0.0,0.0,0.0
7CZY,2,af2,free,387,L,L,0,-6.272021579600115,-6.10730682714136,0.1647147524587549,0.0,0.0,0.0
7CZY,2,af2,free,388,N,N,0,-2.4934045276551338,-2.5143454876809277,-0.02094096002579393,0.0,0.0,0.0
7CZY,2,af2,free,389,D,D,0,-5.493721333481377,-2.6825309373631936,2.811190396118183,0.0,0.0,0.0
7CZY,2,af2,free,390,L,L,0,-0.6061027504694048,-3.7865511083139363,-3.1804483578445315,0.0,0.0,0.0
7CZY,2,af2,free,391,C,C,0,-1.5814567111220428,0.40911734251424825,1.990574053636291,0.0,0.0,0.0
7CZY,2,af2,free,392,F,F,0,-8.52986422207623,-6.453794896239212,2.0760693258370173,0.0,0.0,0.0
7CZY,2,af2,free,393,T,T,0,-2.5855133027016826,-3.663127438271182,-1.0776141355694993,0.0,0.0,0.0
7CZY,2,af2,free,394,N,N,0,-3.395549448150629,-4.308160287129382,-0.9126108389787526,0.0,0.0,0.0
7CZY,2,af2,free,395,V,V,0,-7.43085853773379,-7.085540578977674,0.34531795875611593,0.0,0.0,0.0
7CZY,2,af2,free,396,Y,Y,0,-4.8685687768787576,-5.103804078503293,-0.23523530162453543,0.0,0.0,0.0
7CZY,2,af2,free,397,A,A,0,-2.901454951781993,-3.3583011756222976,-0.4568462238403046,0.0,0.0,0.0
7CZY,2,af2,free,398,D,D,0,-8.146292021281374,-7.63089226463335,0.5153997566480237,0.0,0.0,0.0
7CZY,2,af2,free,399,S,S,0,-3.6318748425423144,-4.873054285801805,-1.2411794432594907,0.0,0.0,0.0
7CZY,2,af2,free,400,F,F,0,-7.9919266246658776,-8.41236403639188,-0.42043741172600235,0.0,0.0,0.0
7CZY,2,af2,free,401,V,V,0,-4.793025162684642,-4.733359895324616,0.05966526736002553,0.0,0.0,0.0
7CZY,2,af2,free,402,I,I,0,-6.58500037355509,-6.2396145414191695,0.34538583213592045,0.0,0.0,0.0
7CZY,2,af2,free,403,R,R,0,-4.115754297682138,-4.915956481427761,-0.8002021837456228,-0.07785615161758581,-0.013135797532250547,0.06472035408533527
7CZY,2,af2,free,404,G,G,0,-0.856686372510655,-0.9520901465980065,-0.09540377408735146,0.0,0.0,0.0
7CZY,2,af2,free,405,D,D,0,-3.4207601598929016,-3.3100504538464217,0.1107097060464799,0.0,0.0,0.0
7CZY,2,af2,free,406,E,E,0,-6.521225288391933,-9.755113046825922,-3.2338877584339896,0.0,0.0,0.0
7CZY,2,af2,free,407,V,V,0,-2.449792442591055,-2.2111494947485406,0.23864294784251427,0.0,0.0,0.0
7CZY,2,af2,free,408,R,R,0,0.33042519419371275,0.5013401086566472,0.1709149144629345,0.0,0.0,0.0
7CZY,2,af2,free,409,Q,Q,0,-6.645433945300005,-7.570803401057805,-0.9253694557578003,0.0,0.0,0.0
7CZY,2,af2,free,410,I,I,0,-3.838983136103691,-3.290324666908983,0.5486584691947076,0.0,0.0,0.0
7CZY,2,af2,free,411,A,A,0,-0.9708672483192955,-0.9534325727119044,0.017434675607391092,0.0,0.0,0.0
7CZY,2,af2,free,412,P,P,0,-5.521553809271618,-5.84289140506989,-0.3213375957982727,0.0,0.0,0.0
7CZY,2,af2,free,413,G,G,0,-2.8741930082973655,-2.765606074143508,0.10858693415385767,0.0,0.0,0.0
7CZY,2,af2,free,414,Q,Q,0,-3.640094988498388,-3.178232649609307,0.4618623388890808,0.0,0.0,0.0
7CZY,2,af2,free,415,T,T,0,-1.3591217420370894,-1.6505564635329986,-0.2914347214959092,0.0,0.0,0.0
7CZY,2,af2,free,416,G,G,0,-3.0744425788221466,-2.878546180346951,0.19589639847519535,0.0,0.0,0.0
7CZY,2,af2,free,417,K,N,1,-1.3498108882465858,-0.26467355120662206,1.0851373370399637,-0.5203692187001623,0.0029648270556285527,0.5233340457557908
7CZY,2,af2,free,418,I,I,0,-6.508040445285518,-7.223092700063322,-0.7150522547778042,0.0,0.0,0.0
7CZY,2,af2,free,419,A,A,0,-1.9213027698968381,-2.711264341216811,-0.789961571319973,0.0,0.0,0.0
7CZY,2,af2,free,420,D,D,0,-8.172240332685002,-6.446513813532541,1.7257265191524604,0.0,-0.00018151733632396083,-0.00018151733632396083
7CZY,2,af2,free,421,Y,Y,0,-2.237547618788463,-2.916630182104154,-0.6790825633156912,-1.3537367089659191,-2.7113623488872993,-1.3576256399213802
7CZY,2,af2,free,422,N,N,0,-4.473153422659937,-4.474854647431134,-0.0017012247711969408,0.0,0.0,0.0
7CZY,2,af2,free,423,Y,Y,0,-5.483303017609809,-5.942867855480687,-0.4595648378708779,0.0,0.0,0.0
7CZY,2,af2,free,424,K,K,0,-3.2029506972065485,-2.6401265444956996,0.5628241527108488,0.0,0.0,0.0
7CZY,2,af2,free,425,L,L,0,-5.716566116968581,-6.070613855669732,-0.35404773870115136,0.0,0.0,0.0
7CZY,2,af2,free,426,P,P,0,-5.305869441602218,-5.22225379222524,0.08361564937697796,0.0,0.0,0.0
7CZY,2,af2,free,427,D,D,0,-2.60093741534601,-2.4280637252197788,0.17287369012623133,0.0,0.0,0.0
7CZY,2,af2,free,428,D,D,0,-0.486090422127179,-0.6155812034053697,-0.1294907812781907,0.0,0.0,0.0
7CZY,2,af2,free,429,F,F,0,-4.9096265120644995,-4.238215692051393,0.6714108200131061,0.0,0.0,0.0
7CZY,2,af2,free,430,T,T,0,-3.416737978665454,-2.454962570660003,0.961775408005451,0.0,0.0,0.0
7CZY,2,af2,free,431,G,G,0,-5.4616397355497295,-5.509227429571127,-0.04758769402139773,0.0,0.0,0.0
7CZY,2,af2,free,432,C,C,0,-3.6994381332148967,-3.0869836640935033,0.6124544691213933,0.0,0.0,0.0
7CZY,2,af2,free,433,V,V,0,-6.580875195533746,-6.071774457911841,0.509100737621905,0.0,0.0,0.0
7CZY,2,af2,free,434,I,I,0,-6.039334678122186,-6.189258381813615,-0.14992370369142893,0.0,0.0,0.0
7CZY,2,af2,free,435,A,A,0,-6.723885849351953,-5.977041381800425,0.7468444675515284,0.0,0.0,0.0
7CZY,2,af2,free,436,W,W,0,-4.0510407012374925,-4.486139848535296,-0.4350991472978034,0.0,0.0,0.0
7CZY,2,af2,free,437,N,N,0,-2.7370158463645686,-3.591707249361878,-0.8546914029973092,0.0,0.0,0.0
7CZY,2,af2,free,438,S,S,0,-4.340929321971458,-4.222363116836524,0.11856620513493432,0.0,0.0,0.0
7CZY,2,af2,free,439,N,N,0,-1.3359029661123243,-1.1762421540591372,0.15966081205318705,0.0,0.0,0.0
7CZY,2,af2,free,440,N,K,1,-0.11692029578542953,-0.229571531964625,-0.11265123617919545,0.0,0.0,0.0
7CZY,2,af2,free,441,L,L,0,0.06389377759729441,0.06648831933335334,0.002594541736058928,0.0,0.0,0.0
7CZY,2,af2,free,442,D,D,0,-9.423845745258847,-8.746036760933931,0.6778089843249155,0.0,0.0,0.0
7CZY,2,af2,free,443,S,S,0,-1.8793460526121815,-2.1552298654323607,-0.27588381282017926,0.0,0.0,0.0
7CZY,2,af2,free,444,K,K,0,-2.466487554794819,-1.715443416536354,0.7510441382584649,0.0,0.0,0.0
7CZY,2,af2,free,445,V,V,0,1.3841917516027715,1.2533773517191906,-0.1308143998835809,0.0,0.0,0.0
7CZY,2,af2,free,446,G,S,1,-3.3619067345509723,-1.3437336514991518,2.0181730830518205,-0.05221532749520357,-0.013687834672247079,0.03852749282295649
7CZY,2,af2,free,447,G,G,0,-3.508331171630301,-2.371528666815074,1.1368025048152273,0.0,-1.0356219017140789e-06,-1.0356219017140789e-06
7CZY,2,af2,free,448,N,N,0,-4.45608815948936,-3.390234307054677,1.0658538524346826,0.0,0.0,0.0
7CZY,2,af2,free,449,Y,Y,0,-1.6453366358813202,-1.5629029311256588,0.08243370475566136,-0.6359529238775651,-1.0172840625575954,-0.3813311386800303
7CZY,2,af2,free,450,N,N,0,-0.4777408649868341,-1.5050832160816543,-1.0273423510948203,0.0,0.0,0.0
7CZY,2,af2,free,451,Y,Y,0,-5.16785566146257,-5.914702969736431,-0.7468473082738605,0.0,0.0,0.0
7CZY,2,af2,free,452,L,L,0,-3.4661648662566638,-3.3747520305346694,0.09141283572199432,0.0,0.0,0.0
7CZY,2,af2,free,453,Y,Y,0,-5.348957012051622,-5.838466297570218,-0.4895092855185954,0.03245362809370188,0.18401530136393512,0.15156167327023323
7CZY,2,af2,free,454,R,R,0,-4.81681206352294,-4.679553900740466,0.1372581627824747,-0.004386903175194157,-0.007305746632918433,-0.002918843457724276
7CZY,2,af2,free,455,L,L,0,-2.370660100446752,-0.7146857292025209,1.655974371244231,-1.3237721874800839,-2.0470847192866626,-0.7233125318065787
7CZY,2,af2,free,456,F,F,0,-5.666377600837613,-7.049899934370291,-1.383522333532678,-3.875450965354641,-4.9876591610483265,-1.1122081956936856
7CZY,2,af2,free,457,R,R,0,-1.0594802907077074,-0.6979602541803318,0.36152003652737563,-0.06453553036238766,-0.23302708781114367,-0.16849155744875602
7CZY,2,af2,free,458,K,K,0,-1.2958489231134085,-1.3605488382518027,-0.06469991513839424,-1.6972043127563667e-05,-0.0505657183760434,-0.05054874633291584
7CZY,2,af2,free,459,S,S,0,-1.631664145707723,-1.803712545714303,-0.17204840000658006,0.0,-0.010437940717251017,-0.010437940717251017
7CZY,2,af2,free,460,N,N,0,-1.0806566461462725,-1.1123256303513354,-0.03166898420506281,0.0,-0.03209694570687132,-0.03209694570687132
7CZY,2,af2,free,461,L,L,0,-4.616409797064948,-3.8730037135513156,0.7434060835136327,0.0,0.0,0.0
7CZY,2,af2,free,462,K,K,0,-2.6775446251550505,-2.6369151832710283,0.04062944188402229,0.0,0.0,0.0
7CZY,2,af2,free,463,P,P,0,-4.696477234846279,-5.078321554524651,-0.38184431967837185,0.0,0.0,0.0
7CZY,2,af2,free,464,F,F,0,-1.6596613910828413,-1.762327837597711,-0.10266644651486967,0.0,0.0,0.0
7CZY,2,af2,free,465,E,E,0,-5.062422561291232,-5.132723343509387,-0.07030078221815472,0.0,0.0,0.0
7CZY,2,af2,free,466,R,R,0,-0.8989528183788418,-0.8583181865076933,0.04063463187114846,0.0,0.0,0.0
7CZY,2,af2,free,467,D,D,0,-5.240083997705694,-5.053282821870258,0.18680117583543598,0.0,0.0,0.0
7CZY,2,af2,free,468,I,I,0,1.0133689651785942,0.9975214996488966,-0.015847465529697624,0.0,0.0,0.0
7CZY,2,af2,free,469,S,S,0,-3.558901586276226,-3.4455130349137653,0.11338855136246062,0.0,0.0,0.0
7CZY,2,af2,free,470,T,T,0,-1.0798070818883354,-1.16853645371866,-0.08872937183032459,0.0,0.0,0.0
7CZY,2,af2,free,471,E,E,0,-3.1184076308191258,-3.4705447954856523,-0.35213716466652656,0.0,0.0,0.0
7CZY,2,af2,free,472,I,I,0,-2.8268100071659297,-3.220360631636302,-0.39355062447037215,-0.0005934991859064465,-0.0015339740347467719,-0.0009404748488403253
7CZY,2,af2,free,473,Y,Y,0,-5.321546348214348,-5.812731125637458,-0.4911847774231104,-2.962466056042006,-3.053024583223103,-0.09055852718109669
7CZY,2,af2,free,474,Q,Q,0,-1.46475127773311,-2.0016550456964985,-0.5369037679633886,0.07807841501713286,0.08973647319311398,0.011658058175981117
7CZY,2,af2,free,475,A,A,0,-3.998582006599809,-3.024921830538655,0.9736601760611538,-5.434888316432522,-2.574327625697273,2.860560690735249
7CZY,2,af2,free,476,G,G,0,-1.7043265306921216,-1.0545307196246387,0.6497958110674829,-3.3211084469954697,-1.4905455450290346,1.8305629019664351
7CZY,2,af2,free,477,S,N,1,-1.191468088178416,0.451864826698672,1.643332914877088,-1.7257117320664,-4.313975606782012,-2.5882638747156124
7CZY,2,af2,free,478,T,K,1,-0.3441761695143876,0.33595097904785204,0.6801271485622397,-2.125136827674176,-2.225031020643692,-0.09989419296951585
7CZY,2,af2,free,479,P,P,0,-4.749016067204034,-3.287153961121774,1.4618621060822594,0.033792284524626605,0.0,-0.033792284524626605
7CZY,2,af2,free,480,C,C,0,-0.027528722599702404,-0.8626748909885182,-0.8351461683888158,0.0,0.0,0.0
7CZY,2,af2,free,481,N,N,0,0.8034558027981997,-1.0690194554083292,-1.872475258206529,0.0,0.0,0.0
7CZY,2,af2,free,482,G,G,0,-1.1836078653180033,-1.9295992894348366,-0.7459914241168333,0.0,0.0,0.0
7CZY,2,af2,free,483,V,V,0,-0.23973902693744753,-0.8930887473902565,-0.6533497204528089,-3.888821304894114,-0.1365050445019622,3.752316260392152
7CZY,2,af2,free,484,E,A,1,-2.461663730815037,-2.8835718619157817,-0.42190813110074465,-5.822375153700078,-2.7508848677564464,3.0714902859436313
7CZY,2,af2,free,485,G,G,0,0.20709041019196855,-3.023179452608592,-3.2302698628005606,-0.11746072015757722,-0.3885832375302932,-0.271122517372716
7CZY,2,af2,free,486,F,F,0,1.4371932462039556,2.393478343820559,0.9562850976166035,-7.064102937644627,-4.805794378057422,2.2583085595872046
7CZY,2,af2,free,487,N,N,0,-4.970867942582822,-2.681618571402455,2.2892493711803668,-4.750941080853233,-0.4066345808292382,4.344306500023994
7CZY,2,af2,free,488,C,C,0,-0.2010866951199326,-1.77473232681769,-1.5736456316977574,-0.18515876097096323,0.05488064323884617,0.2400394042098094
7CZY,2,af2,free,489,Y,Y,0,-6.974641814719825,-5.321027648226857,1.653614166492968,-6.246847999274878,-1.873001106517215,4.373846892757663
7CZY,2,af2,free,490,F,F,0,0.3666816551235279,1.5119250559588433,1.1452434008353154,0.1187835524970857,-0.41548000564802745,-0.5342635581451132
7CZY,2,af2,free,491,P,P,0,-7.731338937177533,-7.067134398725875,0.6642045384516582,0.0,0.0,0.0
7CZY,2,af2,free,492,L,L,0,-4.939867289243702,-5.554027232924201,-0.614159943680499,-6.710859502381209e-06,-0.00016285173611868282,-0.0001561408766163016
7CZY,2,af2,free,493,Q,R,1,-3.9230282665416265,-4.460649754661534,-0.5376214881199077,-2.191777596132722,-2.7376870447049013,-0.5459094485721794
7CZY,2,af2,free,494,S,S,0,-3.080754629982642,-1.0551014338716405,2.0256531961110014,-0.3027272278944862,-0.3712126076671934,-0.06848537977270719
7CZY,2,af2,free,495,Y,Y,0,-5.271872624119228,-5.0703931967378315,0.2014794273813969,-0.2948006503427984,-0.5925328717621612,-0.2977322214193628
7CZY,2,af2,free,496,G,S,1,-2.089064873215951,-0.7868720838629465,1.3021927893530045,-0.16776321776038222,-0.6144074468139753,-0.4466442290535931
7CZY,2,af2,free,497,F,F,0,-6.082966499530816,-5.088292697039941,0.9946738024908743,0.0,-2.1832548029842268e-05,-2.1832548029842268e-05
7CZY,2,af2,free,498,Q,R,1,-0.8583280069717361,-0.687062662041243,0.17126534493049306,0.0,0.19705859766761624,0.19705859766761624
7CZY,2,af2,free,499,P,P,0,-3.688922830186106,-2.7949854575547093,0.8939373726313966,0.0,0.0,0.0
7CZY,2,af2,free,500,T,T,0,0.6607688939705502,0.23108152725446252,-0.42968736671608765,0.0,-6.4362148553339e-06,-6.4362148553339e-06
7CZY,2,af2,free,501,N,Y,1,-2.3777543425306464,-1.5504912412780067,0.8272631012526397,0.0,-3.1846473365405714,-3.1846473365405714
7CZY,2,af2,free,502,G,G,0,0.6799086486822236,0.568202879549533,-0.11170576913269059,0.0,0.22799934212485168,0.22799934212485168
7CZY,2,af2,free,503,V,V,0,1.3834265946656448,1.2803141278232377,-0.10311246684240705,0.0,0.0,0.0
7CZY,2,af2,free,504,G,G,0,-1.9237309173580615,-1.7959141740616804,0.12781674329638104,0.0,0.0,0.0
7CZY,2,af2,free,505,Y,H,1,-1.2194123566219814,-1.8577751640637692,-0.6383628074417877,0.006862254396922215,0.04473333534987975,0.037871080952957534
7CZY,2,af2,free,506,Q,Q,0,-6.223949768178988,-5.832447752934993,0.3915020152439954,0.0,0.0,0.0
7CZY,2,af2,free,507,P,P,0,-7.2086254576418085,-7.0213974144536575,0.187228043188151,0.0,0.0,0.0
7CZY,2,af2,free,508,Y,Y,0,-3.344708218582586,-3.5520811033634008,-0.20737288478081473,0.0,0.0,0.0
7CZY,2,af2,free,509,R,R,0,-7.3253898943305,-7.068222386314986,0.257167508015514,0.0,0.0,0.0
7CZY,2,af2,free,510,V,V,0,-6.842821090404207,-6.7208272314980055,0.12199385890620107,0.0,0.0,0.0
7CZY,2,af2,free,511,V,V,0,-7.939200277652411,-7.399842913003477,0.539357364648934,0.0,0.0,0.0
7CZY,2,af2,free,512,V,V,0,-7.217937946045143,-6.729930382053302,0.4880075639918404,0.0,0.0,0.0
7CZY,2,af2,free,513,L,L,0,-7.779090886244399,-7.231300896315458,0.5477899899289405,0.0,0.0,0.0
7CZY,2,af2,free,514,S,S,0,-4.022578664424103,-3.9225378500043884,0.10004081441971424,0.0,0.0,0.0
7CZY,2,af2,free,515,F,F,0,-4.669966597533312,-4.68608876415804,-0.01612216662472754,0.0,0.0,0.0
7CZY,2,af2,free,516,E,E,0,-4.995590490283517,-5.612432514685303,-0.6168420244017865,0.0,0.0,0.0
7CZY,2,af2,free,517,L,L,0,-0.4564064601405592,0.6348819653745639,1.0912884255151232,0.0,0.0,0.0
7CZY,2,af2,free,518,L,L,0,2.08046369633535,0.19991651235272434,-1.880547183982626,0.0,0.0,0.0
7CZY,2,af2,free,519,H,H,0,0.11691505748379771,1.2388609674200437,1.121945909936246,0.0,0.0,0.0
7CZY,2,af2,free,520,A,A,0,0.17893580920705238,0.25576862523080374,0.07683281602375136,0.0,0.0,0.0
7CZY,2,af2,free,521,P,P,0,-3.1834939014007286,-3.6893876888755575,-0.5058937874748288,0.0,0.0,0.0
7CZY,2,af2,free,522,A,A,0,-2.3706217062177846,-1.8237211348349074,0.5469005713828772,0.0,0.0,0.0
7CZY,2,af2,free,523,T,T,0,-4.281141794266045,-4.579099195956881,-0.2979574016908364,0.0,0.0,0.0
7CZY,2,af2,free,524,V,V,0,-6.005720705989768,-5.914488102703564,0.09123260328620386,0.0,0.0,0.0
7CZY,2,af2,free,525,C,C,0,-2.275318088229091,-1.795835877920342,0.47948221030874905,0.0,0.0,0.0
7CZY,2,af2,free,526,G,G,0,-2.2096439579518368,-1.588826741789956,0.6208172161618808,0.0,0.0,0.0
7CZY,2,af2,free,527,P,P,0,-2.3158905741457345,-3.829990883351599,-1.5141003092058645,0.0,0.0,0.0
7CZY,2,af2,free,528,K,K,0,-3.4094578220700162,-2.206088085573877,1.203369736496139,0.0,0.0,0.0
7CZY,2,af2,free,529,K,K,0,-0.841041263741497,-0.7461960197223021,0.09484524401919492,0.0,0.0,0.0
7CZY,2,af2,free,530,S,S,0,-2.3584986790501774,-2.210792103512618,0.14770657553755928,0.0,0.0,0.0
7CZY,2,af2,free,531,T,T,0,-2.579723255578809,-2.4881193524329133,0.09160390314589595,0.0,0.0,0.0
7CZY,2,af2,free,532,N,N,0,-0.3912533012073917,-0.2922408768532275,0.09901242435416419,0.0,0.0,0.0
7CZY,2,af2,free,533,L,L,0,-1.2216446487929058,-1.3407466219343571,-0.11910197314145132,0.0,0.0,0.0
7CZY,2,af2,free,534,V,V,0,-1.8171587256133719,-1.7832978322465953,0.03386089336677656,0.0,0.0,0.0
7CZY,2,af2,free,535,K,K,0,-0.303221633449554,-0.2791761958081324,0.024045437641421585,0.0,0.0,0.0
7CZY,2,af2,free,536,N,N,0,-1.0129639481364707,-1.0294020850283814,-0.01643813689191065,0.0,0.0,0.0
7CZY,2,af2,free,537,K,K,0,-1.9460282009822816,-2.0811716070226787,-0.1351434060403971,0.0,0.0,0.0
7CZY,2,af2,free,538,C,C,0,-2.199748750395044,-1.6804206547450986,0.5193280956499453,0.0,0.0,0.0
7CZY,2,af2,free,539,V,V,0,-2.7232821709272623,-3.036213622628992,-0.31293145170172965,0.0,0.0,0.0
7CZY,2,af2,free,540,N,N,0,-3.870542197596386,-3.567649655702118,0.30289254189426806,0.0,0.0,0.0
7CZY,2,af2,free,541,F,F,0,0.5144830472185306,0.13807731714777283,-0.3764057300707577,0.0,0.0,0.0
